  Measurement Number     Measurement type
                  24                DC IV

      Measurement ID             SeriesID
       739603.491685                   82

         MeasureMode                Bias1                Bias2
                   2                   18                  -18

                Step  Positive compliance  Negative compliance
                 0.2                0.001                0.001

  RealMeasuredPoints
                 364

        Bias        Current     Resistance
0.0000e+00   1.7235e-08   0.0000e+00
2.0000e-01   4.5290e-06   4.4160e+04
4.0000e-01   9.0541e-06   4.4179e+04
6.0000e-01   1.3598e-05   4.4124e+04
8.0000e-01   1.8162e-05   4.4048e+04
1.0000e+00   2.2746e-05   4.3964e+04
1.2000e+00   2.7354e-05   4.3869e+04
1.4000e+00   3.1978e-05   4.3780e+04
1.6000e+00   3.6618e-05   4.3694e+04
1.8000e+00   4.1286e-05   4.3598e+04
2.0000e+00   4.5986e-05   4.3491e+04
2.2000e+00   5.0698e-05   4.3394e+04
2.4000e+00   5.5440e-05   4.3290e+04
2.6000e+00   6.0190e-05   4.3197e+04
2.8000e+00   6.4970e-05   4.3097e+04
3.0000e+00   6.9786e-05   4.2989e+04
3.2000e+00   7.4604e-05   4.2893e+04
3.4000e+00   7.9448e-05   4.2795e+04
3.6000e+00   8.4330e-05   4.2689e+04
3.8000e+00   8.9230e-05   4.2587e+04
4.0000e+00   9.4158e-05   4.2482e+04
4.2000e+00   9.9098e-05   4.2382e+04
4.4000e+00   1.0406e-04   4.2284e+04
4.6000e+00   1.0904e-04   4.2186e+04
4.8000e+00   1.1404e-04   4.2090e+04
5.0000e+00   1.1906e-04   4.1996e+04
5.2000e+00   1.2412e-04   4.1895e+04
5.4000e+00   1.2922e-04   4.1789e+04
5.6000e+00   1.3436e-04   4.1679e+04
5.8000e+00   1.3946e-04   4.1589e+04
6.0000e+00   1.4462e-04   4.1488e+04
6.2000e+00   1.4984e-04   4.1377e+04
6.4000e+00   1.5506e-04   4.1274e+04
6.6000e+00   1.6034e-04   4.1163e+04
6.8000e+00   1.6560e-04   4.1063e+04
7.0000e+00   1.7094e-04   4.0950e+04
7.2000e+00   1.7626e-04   4.0849e+04
7.4000e+00   1.8164e-04   4.0740e+04
7.6000e+00   1.8706e-04   4.0629e+04
7.8000e+00   1.9250e-04   4.0519e+04
8.0000e+00   1.9792e-04   4.0420e+04
8.2000e+00   2.0344e-04   4.0307e+04
8.4000e+00   2.0900e-04   4.0191e+04
8.6000e+00   2.1458e-04   4.0078e+04
8.8000e+00   2.2018e-04   3.9967e+04
9.0000e+00   2.2582e-04   3.9855e+04
9.2000e+00   2.3150e-04   3.9741e+04
9.4000e+00   2.3720e-04   3.9629e+04
9.6000e+00   2.4300e-04   3.9506e+04
9.8000e+00   2.4876e-04   3.9395e+04
1.0000e+01   2.5460e-04   3.9277e+04
1.0200e+01   2.6042e-04   3.9167e+04
1.0400e+01   2.6634e-04   3.9048e+04
1.0600e+01   2.7232e-04   3.8925e+04
1.0800e+01   2.7826e-04   3.8813e+04
1.1000e+01   2.8430e-04   3.8692e+04
1.1200e+01   2.9038e-04   3.8570e+04
1.1400e+01   2.9650e-04   3.8449e+04
1.1600e+01   3.0266e-04   3.8327e+04
1.1800e+01   3.0888e-04   3.8203e+04
1.2000e+01   3.1516e-04   3.8076e+04
1.2200e+01   3.2144e-04   3.7954e+04
1.2400e+01   3.2778e-04   3.7830e+04
1.2600e+01   3.3416e-04   3.7706e+04
1.2800e+01   3.4064e-04   3.7576e+04
1.3000e+01   3.4714e-04   3.7449e+04
1.3200e+01   3.5372e-04   3.7318e+04
1.3400e+01   3.6034e-04   3.7187e+04
1.3600e+01   3.6700e-04   3.7057e+04
1.3800e+01   3.7374e-04   3.6924e+04
1.4000e+01   3.8050e-04   3.6794e+04
1.4200e+01   3.8738e-04   3.6657e+04
1.4400e+01   3.9428e-04   3.6522e+04
1.4600e+01   4.0126e-04   3.6385e+04
1.4800e+01   4.0842e-04   3.6237e+04
1.5000e+01   4.1636e-04   3.6027e+04
1.5200e+01   4.2368e-04   3.5876e+04
1.5400e+01   4.3102e-04   3.5729e+04
1.5600e+01   4.3844e-04   3.5581e+04
1.5800e+01   4.4594e-04   3.5431e+04
1.6000e+01   4.5368e-04   3.5267e+04
1.6200e+01   4.6166e-04   3.5091e+04
1.6400e+01   4.6940e-04   3.4938e+04
1.6600e+01   4.7854e-04   3.4689e+04
1.6800e+01   5.2978e-04   3.1711e+04
1.7000e+01   5.3972e-04   3.1498e+04
1.7200e+01   5.4984e-04   3.1282e+04
1.7400e+01   5.6014e-04   3.1064e+04
1.7600e+01   5.7064e-04   3.0843e+04
1.7800e+01   5.8154e-04   3.0608e+04
1.8000e+01   5.9232e-04   3.0389e+04
1.8000e+01   5.9236e-04   3.0387e+04
1.7800e+01   5.8186e-04   3.0592e+04
1.7600e+01   5.7142e-04   3.0800e+04
1.7400e+01   5.6090e-04   3.1022e+04
1.7200e+01   5.5066e-04   3.1235e+04
1.7000e+01   5.4058e-04   3.1448e+04
1.6800e+01   5.3078e-04   3.1652e+04
1.6600e+01   5.2108e-04   3.1857e+04
1.6400e+01   5.1148e-04   3.2064e+04
1.6200e+01   5.0204e-04   3.2268e+04
1.6000e+01   4.9280e-04   3.2468e+04
1.5800e+01   4.8346e-04   3.2681e+04
1.5600e+01   4.7436e-04   3.2886e+04
1.5400e+01   4.6404e-04   3.3187e+04
1.5200e+01   4.5504e-04   3.3404e+04
1.5000e+01   4.4620e-04   3.3617e+04
1.4800e+01   4.3740e-04   3.3836e+04
1.4600e+01   4.2882e-04   3.4047e+04
1.4400e+01   4.2032e-04   3.4260e+04
1.4200e+01   4.1184e-04   3.4479e+04
1.4000e+01   4.0340e-04   3.4705e+04
1.3800e+01   3.9516e-04   3.4923e+04
1.3600e+01   3.8682e-04   3.5158e+04
1.3400e+01   3.7856e-04   3.5397e+04
1.3200e+01   3.6994e-04   3.5681e+04
1.3000e+01   3.5962e-04   3.6149e+04
1.2800e+01   3.4114e-04   3.7521e+04
1.2600e+01   3.3422e-04   3.7700e+04
1.2400e+01   3.2782e-04   3.7826e+04
1.2200e+01   3.2146e-04   3.7952e+04
1.2000e+01   3.1518e-04   3.8073e+04
1.1800e+01   3.0892e-04   3.8198e+04
1.1600e+01   3.0272e-04   3.8319e+04
1.1400e+01   2.9658e-04   3.8438e+04
1.1200e+01   2.9044e-04   3.8562e+04
1.1000e+01   2.8432e-04   3.8689e+04
1.0800e+01   2.7830e-04   3.8807e+04
1.0600e+01   2.7232e-04   3.8925e+04
1.0400e+01   2.6636e-04   3.9045e+04
1.0200e+01   2.6048e-04   3.9158e+04
1.0000e+01   2.5460e-04   3.9277e+04
9.8000e+00   2.4878e-04   3.9392e+04
9.6000e+00   2.4300e-04   3.9506e+04
9.4000e+00   2.3722e-04   3.9626e+04
9.2000e+00   2.3152e-04   3.9737e+04
9.0000e+00   2.2586e-04   3.9848e+04
8.8000e+00   2.2022e-04   3.9960e+04
8.6000e+00   2.1460e-04   4.0075e+04
8.4000e+00   2.0904e-04   4.0184e+04
8.2000e+00   2.0352e-04   4.0291e+04
8.0000e+00   1.9800e-04   4.0404e+04
7.8000e+00   1.9256e-04   4.0507e+04
7.6000e+00   1.8712e-04   4.0616e+04
7.4000e+00   1.8170e-04   4.0726e+04
7.2000e+00   1.7632e-04   4.0835e+04
7.0000e+00   1.7096e-04   4.0945e+04
6.8000e+00   1.6564e-04   4.1053e+04
6.6000e+00   1.6036e-04   4.1157e+04
6.4000e+00   1.5508e-04   4.1269e+04
6.2000e+00   1.4988e-04   4.1366e+04
6.0000e+00   1.4470e-04   4.1465e+04
5.8000e+00   1.3952e-04   4.1571e+04
5.6000e+00   1.3436e-04   4.1679e+04
5.4000e+00   1.2922e-04   4.1789e+04
5.2000e+00   1.2414e-04   4.1888e+04
5.0000e+00   1.1912e-04   4.1974e+04
4.8000e+00   1.1404e-04   4.2090e+04
4.6000e+00   1.0898e-04   4.2210e+04
4.4000e+00   1.0404e-04   4.2291e+04
4.2000e+00   9.9106e-05   4.2379e+04
4.0000e+00   9.4168e-05   4.2477e+04
3.8000e+00   8.9244e-05   4.2580e+04
3.6000e+00   8.4352e-05   4.2678e+04
3.4000e+00   7.9476e-05   4.2780e+04
3.2000e+00   7.4626e-05   4.2880e+04
3.0000e+00   6.9800e-05   4.2980e+04
2.8000e+00   6.4996e-05   4.3080e+04
2.6000e+00   6.0214e-05   4.3179e+04
2.4000e+00   5.5462e-05   4.3273e+04
2.2000e+00   5.0728e-05   4.3369e+04
2.0000e+00   4.6012e-05   4.3467e+04
1.8000e+00   4.1324e-05   4.3558e+04
1.6000e+00   3.6652e-05   4.3654e+04
1.4000e+00   3.2000e-05   4.3750e+04
1.2000e+00   2.7362e-05   4.3856e+04
1.0000e+00   2.2756e-05   4.3944e+04
8.0000e-01   1.8170e-05   4.4029e+04
6.0000e-01   1.3600e-05   4.4118e+04
4.0000e-01   9.0578e-06   4.4161e+04
2.0000e-01   4.5239e-06   4.4210e+04
0.0000e+00   1.4362e-08   0.0000e+00
0.0000e+00   1.7441e-08   0.0000e+00
-2.0000e-01   -4.4974e-06   4.4470e+04
-4.0000e-01   -9.0211e-06   4.4340e+04
-6.0000e-01   -1.3582e-05   4.4176e+04
-8.0000e-01   -1.8148e-05   4.4082e+04
-1.0000e+00   -2.2728e-05   4.3999e+04
-1.2000e+00   -2.7326e-05   4.3914e+04
-1.4000e+00   -3.1950e-05   4.3818e+04
-1.6000e+00   -3.6600e-05   4.3716e+04
-1.8000e+00   -4.1264e-05   4.3622e+04
-2.0000e+00   -4.5946e-05   4.3529e+04
-2.2000e+00   -5.0654e-05   4.3432e+04
-2.4000e+00   -5.5400e-05   4.3321e+04
-2.6000e+00   -6.0158e-05   4.3220e+04
-2.8000e+00   -6.4938e-05   4.3118e+04
-3.0000e+00   -6.9732e-05   4.3022e+04
-3.2000e+00   -7.4548e-05   4.2925e+04
-3.4000e+00   -7.9394e-05   4.2824e+04
-3.6000e+00   -8.4270e-05   4.2720e+04
-3.8000e+00   -8.9168e-05   4.2616e+04
-4.0000e+00   -9.4082e-05   4.2516e+04
-4.2000e+00   -9.9020e-05   4.2416e+04
-4.4000e+00   -1.0399e-04   4.2310e+04
-4.6000e+00   -1.0898e-04   4.2208e+04
-4.8000e+00   -1.1402e-04   4.2098e+04
-5.0000e+00   -1.1906e-04   4.1996e+04
-5.2000e+00   -1.2410e-04   4.1902e+04
-5.4000e+00   -1.2922e-04   4.1789e+04
-5.6000e+00   -1.3434e-04   4.1685e+04
-5.8000e+00   -1.3952e-04   4.1571e+04
-6.0000e+00   -1.4468e-04   4.1471e+04
-6.2000e+00   -1.4990e-04   4.1361e+04
-6.4000e+00   -1.5510e-04   4.1264e+04
-6.6000e+00   -1.6036e-04   4.1157e+04
-6.8000e+00   -1.6564e-04   4.1053e+04
-7.0000e+00   -1.7096e-04   4.0945e+04
-7.2000e+00   -1.7630e-04   4.0839e+04
-7.4000e+00   -1.8170e-04   4.0726e+04
-7.6000e+00   -1.8712e-04   4.0616e+04
-7.8000e+00   -1.9258e-04   4.0503e+04
-8.0000e+00   -1.9802e-04   4.0400e+04
-8.2000e+00   -2.0350e-04   4.0295e+04
-8.4000e+00   -2.0902e-04   4.0188e+04
-8.6000e+00   -2.1458e-04   4.0078e+04
-8.8000e+00   -2.2022e-04   3.9960e+04
-9.0000e+00   -2.2582e-04   3.9855e+04
-9.2000e+00   -2.3148e-04   3.9744e+04
-9.4000e+00   -2.3718e-04   3.9632e+04
-9.6000e+00   -2.4292e-04   3.9519e+04
-9.8000e+00   -2.4870e-04   3.9405e+04
-1.0000e+01   -2.5454e-04   3.9287e+04
-1.0200e+01   -2.6040e-04   3.9171e+04
-1.0400e+01   -2.6634e-04   3.9048e+04
-1.0600e+01   -2.7226e-04   3.8933e+04
-1.0800e+01   -2.7822e-04   3.8818e+04
-1.1000e+01   -2.8424e-04   3.8700e+04
-1.1200e+01   -2.9032e-04   3.8578e+04
-1.1400e+01   -2.9640e-04   3.8462e+04
-1.1600e+01   -3.0254e-04   3.8342e+04
-1.1800e+01   -3.0874e-04   3.8220e+04
-1.2000e+01   -3.1498e-04   3.8098e+04
-1.2200e+01   -3.2128e-04   3.7973e+04
-1.2400e+01   -3.2766e-04   3.7844e+04
-1.2600e+01   -3.3400e-04   3.7725e+04
-1.2800e+01   -3.4044e-04   3.7598e+04
-1.3000e+01   -3.4700e-04   3.7464e+04
-1.3200e+01   -3.5354e-04   3.7337e+04
-1.3400e+01   -3.6016e-04   3.7206e+04
-1.3600e+01   -3.6680e-04   3.7077e+04
-1.3800e+01   -3.7350e-04   3.6948e+04
-1.4000e+01   -3.8032e-04   3.6811e+04
-1.4200e+01   -3.8790e-04   3.6607e+04
-1.4400e+01   -3.9484e-04   3.6470e+04
-1.4600e+01   -4.0190e-04   3.6327e+04
-1.4800e+01   -4.0900e-04   3.6186e+04
-1.5000e+01   -4.1624e-04   3.6037e+04
-1.5200e+01   -4.2346e-04   3.5895e+04
-1.5400e+01   -4.3076e-04   3.5751e+04
-1.5600e+01   -4.3818e-04   3.5602e+04
-1.5800e+01   -4.4590e-04   3.5434e+04
-1.6000e+01   -4.5382e-04   3.5256e+04
-1.6200e+01   -4.6246e-04   3.5030e+04
-1.6400e+01   -4.7032e-04   3.4870e+04
-1.6600e+01   -4.7826e-04   3.4709e+04
-1.6800e+01   -5.2960e-04   3.1722e+04
-1.7000e+01   -5.3958e-04   3.1506e+04
-1.7200e+01   -5.4946e-04   3.1303e+04
-1.7400e+01   -5.5960e-04   3.1094e+04
-1.7600e+01   -5.7016e-04   3.0869e+04
-1.7800e+01   -5.8102e-04   3.0636e+04
-1.8000e+01   -5.9182e-04   3.0415e+04
-1.8000e+01   -5.9198e-04   3.0406e+04
-1.7800e+01   -5.8154e-04   3.0608e+04
-1.7600e+01   -5.7102e-04   3.0822e+04
-1.7400e+01   -5.6054e-04   3.1041e+04
-1.7200e+01   -5.5038e-04   3.1251e+04
-1.7000e+01   -5.4052e-04   3.1451e+04
-1.6800e+01   -5.3054e-04   3.1666e+04
-1.6600e+01   -5.2092e-04   3.1867e+04
-1.6400e+01   -5.1142e-04   3.2068e+04
-1.6200e+01   -5.0202e-04   3.2270e+04
-1.6000e+01   -4.9276e-04   3.2470e+04
-1.5800e+01   -4.8334e-04   3.2689e+04
-1.5600e+01   -4.7420e-04   3.2898e+04
-1.5400e+01   -4.6428e-04   3.3170e+04
-1.5200e+01   -4.5538e-04   3.3379e+04
-1.5000e+01   -4.4658e-04   3.3589e+04
-1.4800e+01   -4.3788e-04   3.3799e+04
-1.4600e+01   -4.2928e-04   3.4010e+04
-1.4400e+01   -4.2052e-04   3.4243e+04
-1.4200e+01   -4.1210e-04   3.4458e+04
-1.4000e+01   -4.0396e-04   3.4657e+04
-1.3800e+01   -3.9564e-04   3.4880e+04
-1.3600e+01   -3.8740e-04   3.5106e+04
-1.3400e+01   -3.7896e-04   3.5360e+04
-1.3200e+01   -3.7054e-04   3.5624e+04
-1.3000e+01   -3.6172e-04   3.5939e+04
-1.2800e+01   -3.4110e-04   3.7526e+04
-1.2600e+01   -3.3460e-04   3.7657e+04
-1.2400e+01   -3.2794e-04   3.7812e+04
-1.2200e+01   -3.2134e-04   3.7966e+04
-1.2000e+01   -3.1498e-04   3.8098e+04
-1.1800e+01   -3.0876e-04   3.8217e+04
-1.1600e+01   -3.0256e-04   3.8340e+04
-1.1400e+01   -2.9642e-04   3.8459e+04
-1.1200e+01   -2.9032e-04   3.8578e+04
-1.1000e+01   -2.8422e-04   3.8702e+04
-1.0800e+01   -2.7820e-04   3.8821e+04
-1.0600e+01   -2.7224e-04   3.8936e+04
-1.0400e+01   -2.6632e-04   3.9051e+04
-1.0200e+01   -2.6042e-04   3.9167e+04
-1.0000e+01   -2.5452e-04   3.9290e+04
-9.8000e+00   -2.4874e-04   3.9399e+04
-9.6000e+00   -2.4292e-04   3.9519e+04
-9.4000e+00   -2.3718e-04   3.9632e+04
-9.2000e+00   -2.3150e-04   3.9741e+04
-9.0000e+00   -2.2582e-04   3.9855e+04
-8.8000e+00   -2.2022e-04   3.9960e+04
-8.6000e+00   -2.1458e-04   4.0078e+04
-8.4000e+00   -2.0902e-04   4.0188e+04
-8.2000e+00   -2.0350e-04   4.0295e+04
-8.0000e+00   -1.9800e-04   4.0404e+04
-7.8000e+00   -1.9254e-04   4.0511e+04
-7.6000e+00   -1.8712e-04   4.0616e+04
-7.4000e+00   -1.8170e-04   4.0726e+04
-7.2000e+00   -1.7632e-04   4.0835e+04
-7.0000e+00   -1.7100e-04   4.0936e+04
-6.8000e+00   -1.6568e-04   4.1043e+04
-6.6000e+00   -1.6042e-04   4.1142e+04
-6.4000e+00   -1.5512e-04   4.1258e+04
-6.2000e+00   -1.4994e-04   4.1350e+04
-6.0000e+00   -1.4474e-04   4.1454e+04
-5.8000e+00   -1.3954e-04   4.1565e+04
-5.6000e+00   -1.3440e-04   4.1667e+04
-5.4000e+00   -1.2926e-04   4.1776e+04
-5.2000e+00   -1.2420e-04   4.1868e+04
-5.0000e+00   -1.1910e-04   4.1982e+04
-4.8000e+00   -1.1406e-04   4.2083e+04
-4.6000e+00   -1.0908e-04   4.2171e+04
-4.4000e+00   -1.0408e-04   4.2275e+04
-4.2000e+00   -9.9068e-05   4.2395e+04
-4.0000e+00   -9.4122e-05   4.2498e+04
-3.8000e+00   -8.9200e-05   4.2601e+04
-3.6000e+00   -8.4308e-05   4.2701e+04
-3.4000e+00   -7.9438e-05   4.2801e+04
-3.2000e+00   -7.4588e-05   4.2902e+04
-3.0000e+00   -6.9762e-05   4.3003e+04
-2.8000e+00   -6.4966e-05   4.3099e+04
-2.6000e+00   -6.0190e-05   4.3197e+04
-2.4000e+00   -5.5438e-05   4.3292e+04
-2.2000e+00   -5.0678e-05   4.3411e+04
-2.0000e+00   -4.5966e-05   4.3510e+04
-1.8000e+00   -4.1270e-05   4.3615e+04
-1.6000e+00   -3.6600e-05   4.3716e+04
-1.4000e+00   -3.1962e-05   4.3802e+04
-1.2000e+00   -2.7330e-05   4.3908e+04
-1.0000e+00   -2.2724e-05   4.4006e+04
-8.0000e-01   -1.8140e-05   4.4101e+04
-6.0000e-01   -1.3580e-05   4.4183e+04
-4.0000e-01   -9.0134e-06   4.4378e+04
-2.0000e-01   -4.4905e-06   4.4538e+04
0.0000e+00   2.1489e-08   0.0000e+00
