  Measurement Number     Measurement type
                   4                DC IV

      Measurement ID             SeriesID
       739603.487475                    0

         MeasureMode                Bias1                Bias2
                   2                    3                   -3

                Step  Positive compliance  Negative compliance
                0.05                0.001                0.001

  RealMeasuredPoints
                 244

        Bias        Current     Resistance
0.0000e+00   1.0827e-09   0.0000e+00
5.0000e-02   7.5058e-07   6.6615e+04
1.0000e-01   1.4830e-06   6.7431e+04
1.5000e-01   2.3237e-06   6.4552e+04
2.0000e-01   3.5247e-06   5.6742e+04
2.5000e-01   4.1984e-06   5.9546e+04
3.0000e-01   5.4682e-06   5.4863e+04
3.5000e-01   6.6599e-06   5.2553e+04
4.0000e-01   7.5593e-06   5.2915e+04
4.5000e-01   8.7422e-06   5.1474e+04
5.0000e-01   9.2958e-06   5.3788e+04
5.5000e-01   1.0062e-05   5.4663e+04
6.0000e-01   1.1125e-05   5.3934e+04
6.5000e-01   1.2666e-05   5.1318e+04
7.0000e-01   1.3650e-05   5.1282e+04
7.5000e-01   1.4914e-05   5.0288e+04
8.0000e-01   1.5788e-05   5.0671e+04
8.5000e-01   1.7002e-05   4.9994e+04
9.0000e-01   1.7840e-05   5.0448e+04
9.5000e-01   1.8958e-05   5.0111e+04
1.0000e+00   2.0086e-05   4.9786e+04
1.0500e+00   2.1162e-05   4.9617e+04
1.1000e+00   2.2238e-05   4.9465e+04
1.1500e+00   2.2998e-05   5.0004e+04
1.2000e+00   2.4348e-05   4.9285e+04
1.2500e+00   2.5548e-05   4.8928e+04
1.3000e+00   2.6450e-05   4.9149e+04
1.3500e+00   2.7678e-05   4.8775e+04
1.4000e+00   2.8876e-05   4.8483e+04
1.4500e+00   2.9842e-05   4.8589e+04
1.5000e+00   3.1136e-05   4.8176e+04
1.5500e+00   3.2162e-05   4.8194e+04
1.6000e+00   3.2892e-05   4.8644e+04
1.6500e+00   3.3964e-05   4.8581e+04
1.7000e+00   3.4942e-05   4.8652e+04
1.7500e+00   3.6276e-05   4.8241e+04
1.8000e+00   3.7434e-05   4.8085e+04
1.8500e+00   3.8534e-05   4.8010e+04
1.9000e+00   3.9756e-05   4.7792e+04
1.9500e+00   4.0780e-05   4.7818e+04
2.0000e+00   4.1962e-05   4.7662e+04
2.0500e+00   4.3320e-05   4.7322e+04
2.1000e+00   4.4246e-05   4.7462e+04
2.1500e+00   4.5554e-05   4.7197e+04
2.2000e+00   4.6612e-05   4.7198e+04
2.2500e+00   4.7476e-05   4.7392e+04
2.3000e+00   4.8616e-05   4.7310e+04
2.3500e+00   4.9560e-05   4.7417e+04
2.4000e+00   5.0922e-05   4.7131e+04
2.4500e+00   5.2024e-05   4.7094e+04
2.5000e+00   5.3328e-05   4.6880e+04
2.5500e+00   5.4596e-05   4.6707e+04
2.6000e+00   5.5672e-05   4.6702e+04
2.6500e+00   5.6742e-05   4.6703e+04
2.7000e+00   5.8400e-05   4.6233e+04
2.7500e+00   5.9714e-05   4.6053e+04
2.8000e+00   6.0806e-05   4.6048e+04
2.8500e+00   6.2308e-05   4.5741e+04
2.9000e+00   6.3436e-05   4.5715e+04
2.9500e+00   6.4398e-05   4.5809e+04
3.0000e+00   4.8204e-05   6.2235e+04
3.0000e+00   4.9276e-05   6.0882e+04
2.9500e+00   4.7266e-05   6.2413e+04
2.9000e+00   5.0066e-05   5.7924e+04
2.8500e+00   4.8690e-05   5.8534e+04
2.8000e+00   4.5086e-05   6.2104e+04
2.7500e+00   4.6254e-05   5.9454e+04
2.7000e+00   4.7328e-05   5.7049e+04
2.6500e+00   4.2494e-05   6.2362e+04
2.6000e+00   4.0772e-05   6.3769e+04
2.5500e+00   4.1352e-05   6.1666e+04
2.5000e+00   4.1948e-05   5.9598e+04
2.4500e+00   4.0398e-05   6.0647e+04
2.4000e+00   3.9378e-05   6.0948e+04
2.3500e+00   3.8376e-05   6.1236e+04
2.3000e+00   3.8392e-05   5.9908e+04
2.2500e+00   3.8932e-05   5.7793e+04
2.2000e+00   3.7034e-05   5.9405e+04
2.1500e+00   3.6180e-05   5.9425e+04
2.1000e+00   3.5038e-05   5.9935e+04
2.0500e+00   3.4448e-05   5.9510e+04
2.0000e+00   3.2616e-05   6.1320e+04
1.9500e+00   3.1924e-05   6.1083e+04
1.9000e+00   3.1926e-05   5.9513e+04
1.8500e+00   3.0586e-05   6.0485e+04
1.8000e+00   2.9894e-05   6.0213e+04
1.7500e+00   2.8688e-05   6.1001e+04
1.7000e+00   2.9140e-05   5.8339e+04
1.6500e+00   2.8124e-05   5.8669e+04
1.6000e+00   2.6960e-05   5.9347e+04
1.5500e+00   2.5618e-05   6.0504e+04
1.5000e+00   2.4436e-05   6.1385e+04
1.4500e+00   2.3754e-05   6.1042e+04
1.4000e+00   2.1368e-05   6.5519e+04
1.3500e+00   1.9484e-05   6.9288e+04
1.3000e+00   1.8162e-05   7.1578e+04
1.2500e+00   1.8204e-05   6.8666e+04
1.2000e+00   1.7012e-05   7.0538e+04
1.1500e+00   1.5024e-05   7.6544e+04
1.1000e+00   1.5138e-05   7.2665e+04
1.0500e+00   1.4612e-05   7.1859e+04
1.0000e+00   1.5216e-05   6.5720e+04
9.5000e-01   1.4744e-05   6.4433e+04
9.0000e-01   1.4956e-05   6.0177e+04
8.5000e-01   1.4002e-05   6.0706e+04
8.0000e-01   1.2752e-05   6.2735e+04
7.5000e-01   1.1206e-05   6.6928e+04
7.0000e-01   1.0288e-05   6.8040e+04
6.5000e-01   1.0296e-05   6.3131e+04
6.0000e-01   9.8000e-06   6.1224e+04
5.5000e-01   9.1013e-06   6.0431e+04
5.0000e-01   8.4159e-06   5.9411e+04
4.5000e-01   7.3048e-06   6.1603e+04
4.0000e-01   6.4936e-06   6.1599e+04
3.5000e-01   5.7951e-06   6.0396e+04
3.0000e-01   4.8380e-06   6.2009e+04
2.5000e-01   3.9548e-06   6.3214e+04
2.0000e-01   3.0264e-06   6.6085e+04
1.5000e-01   2.2477e-06   6.6735e+04
1.0000e-01   1.4375e-06   6.9565e+04
5.0000e-02   6.7938e-07   7.3597e+04
0.0000e+00   1.4302e-09   0.0000e+00
0.0000e+00   1.0562e-09   0.0000e+00
-5.0000e-02   -7.1504e-07   6.9926e+04
-1.0000e-01   -1.5310e-06   6.5317e+04
-1.5000e-01   -2.4072e-06   6.2313e+04
-2.0000e-01   -3.1100e-06   6.4309e+04
-2.5000e-01   -3.8746e-06   6.4523e+04
-3.0000e-01   -4.9261e-06   6.0900e+04
-3.5000e-01   -6.4750e-06   5.4054e+04
-4.0000e-01   -7.3710e-06   5.4267e+04
-4.5000e-01   -8.2409e-06   5.4606e+04
-5.0000e-01   -8.7560e-06   5.7104e+04
-5.5000e-01   -9.3914e-06   5.8564e+04
-6.0000e-01   -9.9274e-06   6.0439e+04
-6.5000e-01   -1.0793e-05   6.0226e+04
-7.0000e-01   -1.1224e-05   6.2366e+04
-7.5000e-01   -1.2230e-05   6.1325e+04
-8.0000e-01   -1.3422e-05   5.9604e+04
-8.5000e-01   -1.4548e-05   5.8427e+04
-9.0000e-01   -1.5668e-05   5.7442e+04
-9.5000e-01   -1.6150e-05   5.8824e+04
-1.0000e+00   -1.7374e-05   5.7557e+04
-1.0500e+00   -1.8308e-05   5.7352e+04
-1.1000e+00   -1.9094e-05   5.7610e+04
-1.1500e+00   -2.0968e-05   5.4845e+04
-1.2000e+00   -2.1584e-05   5.5597e+04
-1.2500e+00   -2.2444e-05   5.5694e+04
-1.3000e+00   -2.3346e-05   5.5684e+04
-1.3500e+00   -2.3680e-05   5.7010e+04
-1.4000e+00   -2.3896e-05   5.8587e+04
-1.4500e+00   -2.5100e-05   5.7769e+04
-1.5000e+00   -2.5400e-05   5.9055e+04
-1.5500e+00   -2.5898e-05   5.9850e+04
-1.6000e+00   -2.6742e-05   5.9831e+04
-1.6500e+00   -2.7730e-05   5.9502e+04
-1.7000e+00   -2.8722e-05   5.9188e+04
-1.7500e+00   -2.9198e-05   5.9936e+04
-1.8000e+00   -2.9898e-05   6.0205e+04
-1.8500e+00   -3.1106e-05   5.9474e+04
-1.9000e+00   -3.2404e-05   5.8635e+04
-1.9500e+00   -3.3440e-05   5.8313e+04
-2.0000e+00   -3.4430e-05   5.8089e+04
-2.0500e+00   -3.6010e-05   5.6929e+04
-2.1000e+00   -3.6936e-05   5.6855e+04
-2.1500e+00   -3.8940e-05   5.5213e+04
-2.2000e+00   -3.8872e-05   5.6596e+04
-2.2500e+00   -4.1482e-05   5.4240e+04
-2.3000e+00   -4.2822e-05   5.3711e+04
-2.3500e+00   -4.2010e-05   5.5939e+04
-2.4000e+00   -4.4062e-05   5.4469e+04
-2.4500e+00   -4.6210e-05   5.3019e+04
-2.5000e+00   -4.7192e-05   5.2975e+04
-2.5500e+00   -4.8364e-05   5.2725e+04
-2.6000e+00   -4.9142e-05   5.2908e+04
-2.6500e+00   -4.9422e-05   5.3620e+04
-2.7000e+00   -5.1266e-05   5.2666e+04
-2.7500e+00   -5.3112e-05   5.1777e+04
-2.8000e+00   -5.2858e-05   5.2972e+04
-2.8500e+00   -5.3780e-05   5.2994e+04
-2.9000e+00   -5.4086e-05   5.3618e+04
-2.9500e+00   -5.4610e-05   5.4019e+04
-3.0000e+00   -5.5340e-05   5.4210e+04
-3.0000e+00   -5.5114e-05   5.4433e+04
-2.9500e+00   -5.3946e-05   5.4684e+04
-2.9000e+00   -5.3284e-05   5.4425e+04
-2.8500e+00   -5.1302e-05   5.5553e+04
-2.8000e+00   -5.0148e-05   5.5835e+04
-2.7500e+00   -4.9374e-05   5.5697e+04
-2.7000e+00   -4.8170e-05   5.6051e+04
-2.6500e+00   -4.8482e-05   5.4659e+04
-2.6000e+00   -4.7276e-05   5.4996e+04
-2.5500e+00   -4.6602e-05   5.4719e+04
-2.5000e+00   -4.5550e-05   5.4885e+04
-2.4500e+00   -4.5340e-05   5.4036e+04
-2.4000e+00   -4.4424e-05   5.4025e+04
-2.3500e+00   -4.3730e-05   5.3739e+04
-2.3000e+00   -4.2724e-05   5.3834e+04
-2.2500e+00   -4.1722e-05   5.3928e+04
-2.2000e+00   -3.9800e-05   5.5276e+04
-2.1500e+00   -4.0220e-05   5.3456e+04
-2.1000e+00   -3.9336e-05   5.3386e+04
-2.0500e+00   -3.8096e-05   5.3811e+04
-2.0000e+00   -3.6730e-05   5.4451e+04
-1.9500e+00   -3.5424e-05   5.5047e+04
-1.9000e+00   -3.4904e-05   5.4435e+04
-1.8500e+00   -3.3980e-05   5.4444e+04
-1.8000e+00   -3.3526e-05   5.3690e+04
-1.7500e+00   -3.2424e-05   5.3972e+04
-1.7000e+00   -3.1244e-05   5.4410e+04
-1.6500e+00   -3.0266e-05   5.4517e+04
-1.6000e+00   -2.9258e-05   5.4686e+04
-1.5500e+00   -2.9344e-05   5.2822e+04
-1.5000e+00   -2.7602e-05   5.4344e+04
-1.4500e+00   -2.6752e-05   5.4202e+04
-1.4000e+00   -2.6518e-05   5.2794e+04
-1.3500e+00   -2.4776e-05   5.4488e+04
-1.3000e+00   -2.4096e-05   5.3951e+04
-1.2500e+00   -2.2676e-05   5.5124e+04
-1.2000e+00   -2.2056e-05   5.4407e+04
-1.1500e+00   -2.0376e-05   5.6439e+04
-1.1000e+00   -1.9438e-05   5.6590e+04
-1.0500e+00   -1.8526e-05   5.6677e+04
-1.0000e+00   -1.8148e-05   5.5102e+04
-9.5000e-01   -1.7042e-05   5.5745e+04
-9.0000e-01   -1.6140e-05   5.5762e+04
-8.5000e-01   -1.4526e-05   5.8516e+04
-8.0000e-01   -1.3496e-05   5.9277e+04
-7.5000e-01   -1.3216e-05   5.6749e+04
-7.0000e-01   -1.2042e-05   5.8130e+04
-6.5000e-01   -1.1050e-05   5.8824e+04
-6.0000e-01   -1.0334e-05   5.8061e+04
-5.5000e-01   -9.2557e-06   5.9423e+04
-5.0000e-01   -7.8026e-06   6.4081e+04
-4.5000e-01   -7.4363e-06   6.0514e+04
-4.0000e-01   -6.5434e-06   6.1130e+04
-3.5000e-01   -5.6244e-06   6.2229e+04
-3.0000e-01   -4.9379e-06   6.0755e+04
-2.5000e-01   -4.2018e-06   5.9498e+04
-2.0000e-01   -3.3460e-06   5.9773e+04
-1.5000e-01   -2.4417e-06   6.1433e+04
-1.0000e-01   -1.5837e-06   6.3143e+04
-5.0000e-02   -8.6042e-07   5.8111e+04
0.0000e+00   1.7273e-09   0.0000e+00
