  Measurement Number     Measurement type
                   9                DC IV

      Measurement ID             SeriesID
       739603.493849                    0

         MeasureMode                Bias1                Bias2
                   2                   19                  -19

                Step  Positive compliance  Negative compliance
                 0.2                0.001                0.001

  RealMeasuredPoints
                 384

        Bias        Current     Resistance
0.0000e+00   1.2923e-08   0.0000e+00
2.0000e-01   3.0369e-06   6.5857e+04
4.0000e-01   6.1012e-06   6.5561e+04
6.0000e-01   9.2095e-06   6.5150e+04
8.0000e-01   1.2354e-05   6.4756e+04
1.0000e+00   1.5532e-05   6.4383e+04
1.2000e+00   1.8752e-05   6.3993e+04
1.4000e+00   2.1980e-05   6.3694e+04
1.6000e+00   2.5238e-05   6.3396e+04
1.8000e+00   2.8530e-05   6.3091e+04
2.0000e+00   3.1844e-05   6.2806e+04
2.2000e+00   3.5174e-05   6.2546e+04
2.4000e+00   3.8548e-05   6.2260e+04
2.6000e+00   4.1940e-05   6.1993e+04
2.8000e+00   4.5332e-05   6.1767e+04
3.0000e+00   4.8766e-05   6.1518e+04
3.2000e+00   5.2218e-05   6.1282e+04
3.4000e+00   5.5688e-05   6.1054e+04
3.6000e+00   5.9166e-05   6.0846e+04
3.8000e+00   6.2686e-05   6.0620e+04
4.0000e+00   6.6216e-05   6.0408e+04
4.2000e+00   6.9766e-05   6.0201e+04
4.4000e+00   7.3342e-05   5.9993e+04
4.6000e+00   7.6934e-05   5.9792e+04
4.8000e+00   8.0570e-05   5.9576e+04
5.0000e+00   8.4206e-05   5.9378e+04
5.2000e+00   8.7870e-05   5.9178e+04
5.4000e+00   9.1564e-05   5.8975e+04
5.6000e+00   9.5266e-05   5.8783e+04
5.8000e+00   9.8990e-05   5.8592e+04
6.0000e+00   1.0273e-04   5.8407e+04
6.2000e+00   1.0650e-04   5.8218e+04
6.4000e+00   1.1030e-04   5.8025e+04
6.6000e+00   1.1404e-04   5.7874e+04
6.8000e+00   1.1786e-04   5.7696e+04
7.0000e+00   1.2170e-04   5.7518e+04
7.2000e+00   1.2560e-04   5.7325e+04
7.4000e+00   1.2952e-04   5.7134e+04
7.6000e+00   1.3344e-04   5.6954e+04
7.8000e+00   1.3738e-04   5.6777e+04
8.0000e+00   1.4132e-04   5.6609e+04
8.2000e+00   1.4534e-04   5.6419e+04
8.4000e+00   1.4940e-04   5.6225e+04
8.6000e+00   1.5340e-04   5.6063e+04
8.8000e+00   1.5748e-04   5.5880e+04
9.0000e+00   1.6160e-04   5.5693e+04
9.2000e+00   1.6568e-04   5.5529e+04
9.4000e+00   1.6984e-04   5.5346e+04
9.6000e+00   1.7400e-04   5.5172e+04
9.8000e+00   1.7822e-04   5.4988e+04
1.0000e+01   1.8244e-04   5.4813e+04
1.0200e+01   1.8672e-04   5.4627e+04
1.0400e+01   1.9098e-04   5.4456e+04
1.0600e+01   1.9532e-04   5.4270e+04
1.0800e+01   1.9962e-04   5.4103e+04
1.1000e+01   2.0404e-04   5.3911e+04
1.1200e+01   2.0844e-04   5.3732e+04
1.1400e+01   2.1288e-04   5.3551e+04
1.1600e+01   2.1736e-04   5.3368e+04
1.1800e+01   2.2186e-04   5.3187e+04
1.2000e+01   2.2636e-04   5.3013e+04
1.2200e+01   2.3090e-04   5.2837e+04
1.2400e+01   2.3552e-04   5.2649e+04
1.2600e+01   2.4016e-04   5.2465e+04
1.2800e+01   2.4482e-04   5.2283e+04
1.3000e+01   2.4956e-04   5.2092e+04
1.3200e+01   2.5432e-04   5.1903e+04
1.3400e+01   2.5906e-04   5.1725e+04
1.3600e+01   2.6394e-04   5.1527e+04
1.3800e+01   2.6878e-04   5.1343e+04
1.4000e+01   2.7368e-04   5.1155e+04
1.4200e+01   2.7864e-04   5.0962e+04
1.4400e+01   2.8366e-04   5.0765e+04
1.4600e+01   2.8870e-04   5.0572e+04
1.4800e+01   2.9378e-04   5.0378e+04
1.5000e+01   2.9884e-04   5.0194e+04
1.5200e+01   3.0404e-04   4.9993e+04
1.5400e+01   3.0926e-04   4.9796e+04
1.5600e+01   3.1452e-04   4.9599e+04
1.5800e+01   3.1984e-04   4.9400e+04
1.6000e+01   3.2516e-04   4.9207e+04
1.6200e+01   3.3058e-04   4.9005e+04
1.6400e+01   3.3606e-04   4.8801e+04
1.6600e+01   3.4154e-04   4.8603e+04
1.6800e+01   3.4704e-04   4.8409e+04
1.7000e+01   3.5274e-04   4.8194e+04
1.7200e+01   3.5842e-04   4.7988e+04
1.7400e+01   3.6412e-04   4.7786e+04
1.7600e+01   3.7086e-04   4.7457e+04
1.7800e+01   3.7692e-04   4.7225e+04
1.8000e+01   3.8286e-04   4.7015e+04
1.8200e+01   3.8900e-04   4.6787e+04
1.8400e+01   3.9508e-04   4.6573e+04
1.8600e+01   4.0138e-04   4.6340e+04
1.8800e+01   4.0780e-04   4.6101e+04
1.9000e+01   4.1430e-04   4.5860e+04
1.9000e+01   4.1424e-04   4.5867e+04
1.8800e+01   4.0774e-04   4.6108e+04
1.8600e+01   4.0116e-04   4.6366e+04
1.8400e+01   3.9474e-04   4.6613e+04
1.8200e+01   3.8844e-04   4.6854e+04
1.8000e+01   3.8224e-04   4.7091e+04
1.7800e+01   3.7606e-04   4.7333e+04
1.7600e+01   3.7002e-04   4.7565e+04
1.7400e+01   3.6400e-04   4.7802e+04
1.7200e+01   3.5808e-04   4.8034e+04
1.7000e+01   3.5218e-04   4.8271e+04
1.6800e+01   3.4636e-04   4.8504e+04
1.6600e+01   3.4056e-04   4.8743e+04
1.6400e+01   3.3494e-04   4.8964e+04
1.6200e+01   3.2938e-04   4.9183e+04
1.6000e+01   3.2388e-04   4.9401e+04
1.5800e+01   3.1798e-04   4.9689e+04
1.5600e+01   3.1260e-04   4.9904e+04
1.5400e+01   3.0736e-04   5.0104e+04
1.5200e+01   3.0210e-04   5.0314e+04
1.5000e+01   2.9690e-04   5.0522e+04
1.4800e+01   2.9176e-04   5.0727e+04
1.4600e+01   2.8666e-04   5.0931e+04
1.4400e+01   2.8164e-04   5.1129e+04
1.4200e+01   2.7662e-04   5.1334e+04
1.4000e+01   2.7170e-04   5.1527e+04
1.3800e+01   2.6680e-04   5.1724e+04
1.3600e+01   2.6194e-04   5.1920e+04
1.3400e+01   2.5714e-04   5.2112e+04
1.3200e+01   2.5238e-04   5.2302e+04
1.3000e+01   2.4764e-04   5.2496e+04
1.2800e+01   2.4296e-04   5.2684e+04
1.2600e+01   2.3830e-04   5.2875e+04
1.2400e+01   2.3368e-04   5.3064e+04
1.2200e+01   2.2910e-04   5.3252e+04
1.2000e+01   2.2454e-04   5.3443e+04
1.1800e+01   2.2004e-04   5.3627e+04
1.1600e+01   2.1560e-04   5.3803e+04
1.1400e+01   2.1116e-04   5.3987e+04
1.1200e+01   2.0672e-04   5.4180e+04
1.1000e+01   2.0232e-04   5.4369e+04
1.0800e+01   1.9798e-04   5.4551e+04
1.0600e+01   1.9364e-04   5.4741e+04
1.0400e+01   1.8936e-04   5.4922e+04
1.0200e+01   1.8514e-04   5.5093e+04
1.0000e+01   1.8092e-04   5.5273e+04
9.8000e+00   1.7672e-04   5.5455e+04
9.6000e+00   1.7256e-04   5.5633e+04
9.4000e+00   1.6840e-04   5.5819e+04
9.2000e+00   1.6428e-04   5.6002e+04
9.0000e+00   1.6018e-04   5.6187e+04
8.8000e+00   1.5614e-04   5.6360e+04
8.6000e+00   1.5210e-04   5.6542e+04
8.4000e+00   1.4810e-04   5.6718e+04
8.2000e+00   1.4412e-04   5.6897e+04
8.0000e+00   1.4016e-04   5.7078e+04
7.8000e+00   1.3622e-04   5.7260e+04
7.6000e+00   1.3228e-04   5.7454e+04
7.4000e+00   1.2842e-04   5.7623e+04
7.2000e+00   1.2454e-04   5.7813e+04
7.0000e+00   1.2070e-04   5.7995e+04
6.8000e+00   1.1690e-04   5.8169e+04
6.6000e+00   1.1310e-04   5.8355e+04
6.4000e+00   1.0932e-04   5.8544e+04
6.2000e+00   1.0556e-04   5.8734e+04
6.0000e+00   1.0184e-04   5.8916e+04
5.8000e+00   9.8178e-05   5.9076e+04
5.6000e+00   9.4490e-05   5.9266e+04
5.4000e+00   9.0822e-05   5.9457e+04
5.2000e+00   8.7176e-05   5.9649e+04
5.0000e+00   8.3556e-05   5.9840e+04
4.8000e+00   7.9952e-05   6.0036e+04
4.6000e+00   7.6356e-05   6.0244e+04
4.4000e+00   7.2792e-05   6.0446e+04
4.2000e+00   6.9252e-05   6.0648e+04
4.0000e+00   6.5730e-05   6.0855e+04
3.8000e+00   6.2220e-05   6.1074e+04
3.6000e+00   5.8748e-05   6.1279e+04
3.4000e+00   5.5294e-05   6.1489e+04
3.2000e+00   5.1852e-05   6.1714e+04
3.0000e+00   4.8432e-05   6.1943e+04
2.8000e+00   4.5040e-05   6.2167e+04
2.6000e+00   4.1662e-05   6.2407e+04
2.4000e+00   3.8314e-05   6.2640e+04
2.2000e+00   3.4980e-05   6.2893e+04
2.0000e+00   3.1676e-05   6.3139e+04
1.8000e+00   2.8392e-05   6.3398e+04
1.6000e+00   2.5124e-05   6.3684e+04
1.4000e+00   2.1890e-05   6.3956e+04
1.2000e+00   1.8666e-05   6.4288e+04
1.0000e+00   1.5474e-05   6.4625e+04
8.0000e-01   1.2316e-05   6.4956e+04
6.0000e-01   9.1858e-06   6.5318e+04
4.0000e-01   6.0894e-06   6.5688e+04
2.0000e-01   3.0330e-06   6.5941e+04
0.0000e+00   1.0323e-08   0.0000e+00
0.0000e+00   1.2634e-08   0.0000e+00
-2.0000e-01   -3.0137e-06   6.6364e+04
-4.0000e-01   -6.0733e-06   6.5862e+04
-6.0000e-01   -9.1873e-06   6.5308e+04
-8.0000e-01   -1.2318e-05   6.4946e+04
-1.0000e+00   -1.5502e-05   6.4508e+04
-1.2000e+00   -1.8702e-05   6.4164e+04
-1.4000e+00   -2.1932e-05   6.3834e+04
-1.6000e+00   -2.5188e-05   6.3522e+04
-1.8000e+00   -2.8478e-05   6.3207e+04
-2.0000e+00   -3.1792e-05   6.2909e+04
-2.2000e+00   -3.5122e-05   6.2639e+04
-2.4000e+00   -3.8488e-05   6.2357e+04
-2.6000e+00   -4.1852e-05   6.2124e+04
-2.8000e+00   -4.5264e-05   6.1859e+04
-3.0000e+00   -4.8686e-05   6.1619e+04
-3.2000e+00   -5.2114e-05   6.1404e+04
-3.4000e+00   -5.5576e-05   6.1177e+04
-3.6000e+00   -5.9062e-05   6.0953e+04
-3.8000e+00   -6.2574e-05   6.0728e+04
-4.0000e+00   -6.6106e-05   6.0509e+04
-4.2000e+00   -6.9652e-05   6.0300e+04
-4.4000e+00   -7.3234e-05   6.0081e+04
-4.6000e+00   -7.6814e-05   5.9885e+04
-4.8000e+00   -8.0424e-05   5.9684e+04
-5.0000e+00   -8.4060e-05   5.9481e+04
-5.2000e+00   -8.7700e-05   5.9293e+04
-5.4000e+00   -9.1392e-05   5.9086e+04
-5.6000e+00   -9.5080e-05   5.8898e+04
-5.8000e+00   -9.8804e-05   5.8702e+04
-6.0000e+00   -1.0256e-04   5.8505e+04
-6.2000e+00   -1.0632e-04   5.8317e+04
-6.4000e+00   -1.1010e-04   5.8129e+04
-6.6000e+00   -1.1390e-04   5.7944e+04
-6.8000e+00   -1.1774e-04   5.7754e+04
-7.0000e+00   -1.2160e-04   5.7566e+04
-7.2000e+00   -1.2548e-04   5.7380e+04
-7.4000e+00   -1.2934e-04   5.7214e+04
-7.6000e+00   -1.3330e-04   5.7014e+04
-7.8000e+00   -1.3724e-04   5.6835e+04
-8.0000e+00   -1.4118e-04   5.6665e+04
-8.2000e+00   -1.4518e-04   5.6482e+04
-8.4000e+00   -1.4914e-04   5.6323e+04
-8.6000e+00   -1.5322e-04   5.6128e+04
-8.8000e+00   -1.5726e-04   5.5958e+04
-9.0000e+00   -1.6136e-04   5.5776e+04
-9.2000e+00   -1.6550e-04   5.5589e+04
-9.4000e+00   -1.6964e-04   5.5411e+04
-9.6000e+00   -1.7380e-04   5.5236e+04
-9.8000e+00   -1.7796e-04   5.5069e+04
-1.0000e+01   -1.8220e-04   5.4885e+04
-1.0200e+01   -1.8646e-04   5.4703e+04
-1.0400e+01   -1.9074e-04   5.4524e+04
-1.0600e+01   -1.9504e-04   5.4348e+04
-1.0800e+01   -1.9936e-04   5.4173e+04
-1.1000e+01   -2.0372e-04   5.3996e+04
-1.1200e+01   -2.0808e-04   5.3825e+04
-1.1400e+01   -2.1254e-04   5.3637e+04
-1.1600e+01   -2.1700e-04   5.3456e+04
-1.1800e+01   -2.2148e-04   5.3278e+04
-1.2000e+01   -2.2596e-04   5.3107e+04
-1.2200e+01   -2.3056e-04   5.2915e+04
-1.2400e+01   -2.3510e-04   5.2744e+04
-1.2600e+01   -2.3976e-04   5.2553e+04
-1.2800e+01   -2.4446e-04   5.2360e+04
-1.3000e+01   -2.4916e-04   5.2175e+04
-1.3200e+01   -2.5386e-04   5.1997e+04
-1.3400e+01   -2.5866e-04   5.1805e+04
-1.3600e+01   -2.6354e-04   5.1605e+04
-1.3800e+01   -2.6844e-04   5.1408e+04
-1.4000e+01   -2.7328e-04   5.1230e+04
-1.4200e+01   -2.7820e-04   5.1042e+04
-1.4400e+01   -2.8318e-04   5.0851e+04
-1.4600e+01   -2.8820e-04   5.0659e+04
-1.4800e+01   -2.9332e-04   5.0457e+04
-1.5000e+01   -2.9844e-04   5.0261e+04
-1.5200e+01   -3.0364e-04   5.0059e+04
-1.5400e+01   -3.0882e-04   4.9867e+04
-1.5600e+01   -3.1412e-04   4.9663e+04
-1.5800e+01   -3.1946e-04   4.9458e+04
-1.6000e+01   -3.2488e-04   4.9249e+04
-1.6200e+01   -3.3030e-04   4.9046e+04
-1.6400e+01   -3.3574e-04   4.8847e+04
-1.6600e+01   -3.4124e-04   4.8646e+04
-1.6800e+01   -3.4674e-04   4.8451e+04
-1.7000e+01   -3.5244e-04   4.8235e+04
-1.7200e+01   -3.5816e-04   4.8023e+04
-1.7400e+01   -3.6392e-04   4.7813e+04
-1.7600e+01   -3.7062e-04   4.7488e+04
-1.7800e+01   -3.7650e-04   4.7278e+04
-1.8000e+01   -3.8254e-04   4.7054e+04
-1.8200e+01   -3.8856e-04   4.6840e+04
-1.8400e+01   -3.9476e-04   4.6611e+04
-1.8600e+01   -4.0106e-04   4.6377e+04
-1.8800e+01   -4.0746e-04   4.6139e+04
-1.9000e+01   -4.1402e-04   4.5892e+04
-1.9000e+01   -4.1400e-04   4.5894e+04
-1.8800e+01   -4.0746e-04   4.6139e+04
-1.8600e+01   -4.0090e-04   4.6396e+04
-1.8400e+01   -3.9450e-04   4.6641e+04
-1.8200e+01   -3.8812e-04   4.6893e+04
-1.8000e+01   -3.8196e-04   4.7125e+04
-1.7800e+01   -3.7582e-04   4.7363e+04
-1.7600e+01   -3.6970e-04   4.7606e+04
-1.7400e+01   -3.6366e-04   4.7847e+04
-1.7200e+01   -3.5772e-04   4.8082e+04
-1.7000e+01   -3.5186e-04   4.8315e+04
-1.6800e+01   -3.4606e-04   4.8546e+04
-1.6600e+01   -3.4032e-04   4.8778e+04
-1.6400e+01   -3.3458e-04   4.9017e+04
-1.6200e+01   -3.2904e-04   4.9234e+04
-1.6000e+01   -3.2348e-04   4.9462e+04
-1.5800e+01   -3.1804e-04   4.9679e+04
-1.5600e+01   -3.1232e-04   4.9949e+04
-1.5400e+01   -3.0698e-04   5.0166e+04
-1.5200e+01   -3.0176e-04   5.0371e+04
-1.5000e+01   -2.9658e-04   5.0577e+04
-1.4800e+01   -2.9140e-04   5.0789e+04
-1.4600e+01   -2.8630e-04   5.0995e+04
-1.4400e+01   -2.8130e-04   5.1191e+04
-1.4200e+01   -2.7632e-04   5.1390e+04
-1.4000e+01   -2.7138e-04   5.1588e+04
-1.3800e+01   -2.6648e-04   5.1786e+04
-1.3600e+01   -2.6164e-04   5.1980e+04
-1.3400e+01   -2.5678e-04   5.2185e+04
-1.3200e+01   -2.5204e-04   5.2373e+04
-1.3000e+01   -2.4728e-04   5.2572e+04
-1.2800e+01   -2.4264e-04   5.2753e+04
-1.2600e+01   -2.3798e-04   5.2946e+04
-1.2400e+01   -2.3336e-04   5.3137e+04
-1.2200e+01   -2.2880e-04   5.3322e+04
-1.2000e+01   -2.2426e-04   5.3509e+04
-1.1800e+01   -2.1976e-04   5.3695e+04
-1.1600e+01   -2.1528e-04   5.3883e+04
-1.1400e+01   -2.1082e-04   5.4075e+04
-1.1200e+01   -2.0644e-04   5.4253e+04
-1.1000e+01   -2.0208e-04   5.4434e+04
-1.0800e+01   -1.9774e-04   5.4617e+04
-1.0600e+01   -1.9342e-04   5.4803e+04
-1.0400e+01   -1.8914e-04   5.4986e+04
-1.0200e+01   -1.8492e-04   5.5159e+04
-1.0000e+01   -1.8066e-04   5.5353e+04
-9.8000e+00   -1.7648e-04   5.5530e+04
-9.6000e+00   -1.7234e-04   5.5704e+04
-9.4000e+00   -1.6816e-04   5.5899e+04
-9.2000e+00   -1.6408e-04   5.6070e+04
-9.0000e+00   -1.5998e-04   5.6257e+04
-8.8000e+00   -1.5598e-04   5.6417e+04
-8.6000e+00   -1.5188e-04   5.6624e+04
-8.4000e+00   -1.4786e-04   5.6810e+04
-8.2000e+00   -1.4390e-04   5.6984e+04
-8.0000e+00   -1.3998e-04   5.7151e+04
-7.8000e+00   -1.3604e-04   5.7336e+04
-7.6000e+00   -1.3214e-04   5.7515e+04
-7.4000e+00   -1.2826e-04   5.7695e+04
-7.2000e+00   -1.2438e-04   5.7887e+04
-7.0000e+00   -1.2054e-04   5.8072e+04
-6.8000e+00   -1.1672e-04   5.8259e+04
-6.6000e+00   -1.1294e-04   5.8438e+04
-6.4000e+00   -1.0916e-04   5.8630e+04
-6.2000e+00   -1.0540e-04   5.8824e+04
-6.0000e+00   -1.0168e-04   5.9009e+04
-5.8000e+00   -9.7942e-05   5.9219e+04
-5.6000e+00   -9.4258e-05   5.9411e+04
-5.4000e+00   -9.0594e-05   5.9607e+04
-5.2000e+00   -8.6956e-05   5.9800e+04
-5.0000e+00   -8.3338e-05   5.9997e+04
-4.8000e+00   -7.9750e-05   6.0188e+04
-4.6000e+00   -7.6180e-05   6.0383e+04
-4.4000e+00   -7.2616e-05   6.0593e+04
-4.2000e+00   -6.9086e-05   6.0794e+04
-4.0000e+00   -6.5572e-05   6.1002e+04
-3.8000e+00   -6.2080e-05   6.1211e+04
-3.6000e+00   -5.8602e-05   6.1431e+04
-3.4000e+00   -5.5154e-05   6.1646e+04
-3.2000e+00   -5.1724e-05   6.1867e+04
-3.0000e+00   -4.8312e-05   6.2096e+04
-2.8000e+00   -4.4920e-05   6.2333e+04
-2.6000e+00   -4.1548e-05   6.2578e+04
-2.4000e+00   -3.8202e-05   6.2824e+04
-2.2000e+00   -3.4872e-05   6.3088e+04
-2.0000e+00   -3.1568e-05   6.3355e+04
-1.8000e+00   -2.8292e-05   6.3622e+04
-1.6000e+00   -2.5034e-05   6.3913e+04
-1.4000e+00   -2.1802e-05   6.4214e+04
-1.2000e+00   -1.8594e-05   6.4537e+04
-1.0000e+00   -1.5416e-05   6.4868e+04
-8.0000e-01   -1.2260e-05   6.5253e+04
-6.0000e-01   -9.1442e-06   6.5615e+04
-4.0000e-01   -6.0501e-06   6.6115e+04
-2.0000e-01   -3.0030e-06   6.6600e+04
0.0000e+00   1.6402e-08   0.0000e+00
