  Measurement Number     Measurement type
                 135                DC IV

      Measurement ID             SeriesID
       739603.498690                    0

         MeasureMode                Bias1                Bias2
                   2                 -3.5                  2.5

                Step  Positive compliance  Negative compliance
                 0.1                  0.1             1.25e-05

  RealMeasuredPoints
                 124

        Bias        Current     Resistance
0.0000e+00   -3.6870e-11   -0.0000e+00
-1.0000e-01   -7.9605e-09   1.2562e+07
-2.0000e-01   -1.9195e-08   1.0419e+07
-3.0000e-01   -3.5135e-08   8.5384e+06
-4.0000e-01   -5.7010e-08   7.0163e+06
-5.0000e-01   -8.4367e-08   5.9265e+06
-6.0000e-01   -1.1916e-07   5.0352e+06
-7.0000e-01   -1.6156e-07   4.3328e+06
-8.0000e-01   -2.1424e-07   3.7341e+06
-9.0000e-01   -2.7602e-07   3.2606e+06
-1.0000e+00   -3.4662e-07   2.8850e+06
-1.1000e+00   -4.2850e-07   2.5671e+06
-1.2000e+00   -5.2364e-07   2.2917e+06
-1.3000e+00   -6.5600e-07   1.9817e+06
-1.4000e+00   -8.2312e-07   1.7008e+06
-1.5000e+00   -8.0778e-07   1.8569e+06
-1.6000e+00   -9.5040e-07   1.6835e+06
-1.7000e+00   -1.1417e-06   1.4890e+06
-1.8000e+00   -1.3067e-06   1.3775e+06
-1.9000e+00   -1.5099e-06   1.2584e+06
-2.0000e+00   -1.6649e-06   1.2013e+06
-2.1000e+00   -1.9635e-06   1.0695e+06
-2.2000e+00   -2.2401e-06   9.8210e+05
-2.3000e+00   -2.4973e-06   9.2099e+05
-2.4000e+00   -2.6795e-06   8.9569e+05
-2.5000e+00   -3.0639e-06   8.1595e+05
-2.6000e+00   -3.4744e-06   7.4833e+05
-2.7000e+00   -4.0203e-06   6.7159e+05
-2.8000e+00   -4.3742e-06   6.4012e+05
-2.9000e+00   -5.0922e-06   5.6950e+05
-3.0000e+00   -5.6571e-06   5.3031e+05
-3.1000e+00   -6.3426e-06   4.8876e+05
-3.2000e+00   -7.6166e-06   4.2013e+05
-3.3000e+00   -8.4436e-06   3.9083e+05
-3.4000e+00   -9.6284e-06   3.5312e+05
-3.5000e+00   -1.0793e-05   3.2428e+05
-3.5000e+00   -1.0869e-05   3.2202e+05
-3.4000e+00   -9.5968e-06   3.5428e+05
-3.3000e+00   -8.9463e-06   3.6887e+05
-3.2000e+00   -8.2090e-06   3.8982e+05
-3.1000e+00   -7.3001e-06   4.2465e+05
-3.0000e+00   -6.5678e-06   4.5677e+05
-2.9000e+00   -5.8091e-06   4.9922e+05
-2.8000e+00   -5.2502e-06   5.3331e+05
-2.7000e+00   -4.7271e-06   5.7117e+05
-2.6000e+00   -4.2259e-06   6.1525e+05
-2.5000e+00   -3.5801e-06   6.9830e+05
-2.4000e+00   -3.1760e-06   7.5567e+05
-2.3000e+00   -2.7918e-06   8.2384e+05
-2.2000e+00   -2.4112e-06   9.1241e+05
-2.1000e+00   -2.1023e-06   9.9891e+05
-2.0000e+00   -1.7910e-06   1.1167e+06
-1.9000e+00   -1.5581e-06   1.2194e+06
-1.8000e+00   -1.3206e-06   1.3630e+06
-1.7000e+00   -1.1204e-06   1.5173e+06
-1.6000e+00   -9.4524e-07   1.6927e+06
-1.5000e+00   -7.8394e-07   1.9134e+06
-1.4000e+00   -6.4910e-07   2.1568e+06
-1.3000e+00   -5.3138e-07   2.4465e+06
-1.2000e+00   -4.3292e-07   2.7719e+06
-1.1000e+00   -3.4694e-07   3.1706e+06
-1.0000e+00   -2.7134e-07   3.6854e+06
-9.0000e-01   -2.1880e-07   4.1133e+06
-8.0000e-01   -1.6172e-07   4.9468e+06
-7.0000e-01   -1.2256e-07   5.7115e+06
-6.0000e-01   -8.5702e-08   7.0010e+06
-5.0000e-01   -5.7252e-08   8.7333e+06
-4.0000e-01   -3.6747e-08   1.0885e+07
-3.0000e-01   -2.1072e-08   1.4237e+07
-2.0000e-01   -1.0277e-08   1.9461e+07
-1.0000e-01   -3.1108e-09   3.2146e+07
0.0000e+00   1.0224e-09   0.0000e+00
0.0000e+00   1.5492e-10   0.0000e+00
1.0000e-01   4.5221e-09   2.2114e+07
2.0000e-01   1.1521e-08   1.7360e+07
3.0000e-01   2.2427e-08   1.3377e+07
4.0000e-01   3.7565e-08   1.0648e+07
5.0000e-01   5.7861e-08   8.6414e+06
6.0000e-01   8.3813e-08   7.1588e+06
7.0000e-01   1.1278e-07   6.2068e+06
8.0000e-01   1.5040e-07   5.3191e+06
9.0000e-01   1.9938e-07   4.5140e+06
1.0000e+00   2.5624e-07   3.9026e+06
1.1000e+00   3.2196e-07   3.4166e+06
1.2000e+00   3.8798e-07   3.0929e+06
1.3000e+00   4.7118e-07   2.7590e+06
1.4000e+00   5.7954e-07   2.4157e+06
1.5000e+00   6.9562e-07   2.1563e+06
1.6000e+00   8.3644e-07   1.9129e+06
1.7000e+00   9.6458e-07   1.7624e+06
1.8000e+00   1.1353e-06   1.5855e+06
1.9000e+00   1.3021e-06   1.4592e+06
2.0000e+00   1.5098e-06   1.3247e+06
2.1000e+00   1.9824e-06   1.0593e+06
2.2000e+00   2.2231e-06   9.8961e+05
2.3000e+00   2.3978e-06   9.5921e+05
2.4000e+00   2.7782e-06   8.6387e+05
2.5000e+00   3.5274e-06   7.0874e+05
2.5000e+00   3.5214e-06   7.0994e+05
2.4000e+00   3.0112e-06   7.9702e+05
2.3000e+00   2.5912e-06   8.8762e+05
2.2000e+00   2.2199e-06   9.9104e+05
2.1000e+00   1.9465e-06   1.0789e+06
2.0000e+00   1.6704e-06   1.1973e+06
1.9000e+00   1.4522e-06   1.3084e+06
1.8000e+00   1.2392e-06   1.4526e+06
1.7000e+00   1.0745e-06   1.5821e+06
1.6000e+00   9.0692e-07   1.7642e+06
1.5000e+00   7.6614e-07   1.9579e+06
1.4000e+00   6.3946e-07   2.1893e+06
1.3000e+00   5.3562e-07   2.4271e+06
1.2000e+00   4.4398e-07   2.7028e+06
1.1000e+00   3.6200e-07   3.0387e+06
1.0000e+00   2.9030e-07   3.4447e+06
9.0000e-01   2.2308e-07   4.0344e+06
8.0000e-01   1.6912e-07   4.7304e+06
7.0000e-01   1.2348e-07   5.6689e+06
6.0000e-01   8.6816e-08   6.9112e+06
5.0000e-01   5.8395e-08   8.5624e+06
4.0000e-01   3.7109e-08   1.0779e+07
3.0000e-01   2.1145e-08   1.4187e+07
2.0000e-01   1.0365e-08   1.9295e+07
1.0000e-01   3.3633e-09   2.9733e+07
0.0000e+00   -5.0098e-10   -0.0000e+00
