  Measurement Number     Measurement type
                 156                DC IV

      Measurement ID             SeriesID
       739603.499820                   96

         MeasureMode                Bias1                Bias2
                   2                 -3.5                  2.5

                Step  Positive compliance  Negative compliance
                 0.1                  0.1              1.2e-05

  RealMeasuredPoints
                 124

        Bias        Current     Resistance
0.0000e+00   -8.7190e-11   -0.0000e+00
-1.0000e-01   -3.9477e-09   2.5331e+07
-2.0000e-01   -9.9510e-09   2.0098e+07
-3.0000e-01   -1.8845e-08   1.5919e+07
-4.0000e-01   -3.1538e-08   1.2683e+07
-5.0000e-01   -4.8686e-08   1.0270e+07
-6.0000e-01   -7.0250e-08   8.5409e+06
-7.0000e-01   -9.5836e-08   7.3042e+06
-8.0000e-01   -1.2646e-07   6.3261e+06
-9.0000e-01   -1.6694e-07   5.3912e+06
-1.0000e+00   -2.1716e-07   4.6049e+06
-1.1000e+00   -2.6286e-07   4.1847e+06
-1.2000e+00   -3.1418e-07   3.8195e+06
-1.3000e+00   -3.8566e-07   3.3708e+06
-1.4000e+00   -4.5250e-07   3.0939e+06
-1.5000e+00   -5.4828e-07   2.7358e+06
-1.6000e+00   -6.7890e-07   2.3568e+06
-1.7000e+00   -8.1082e-07   2.0966e+06
-1.8000e+00   -9.3638e-07   1.9223e+06
-1.9000e+00   -1.1315e-06   1.6792e+06
-2.0000e+00   -1.3394e-06   1.4932e+06
-2.1000e+00   -1.5158e-06   1.3854e+06
-2.2000e+00   -1.7634e-06   1.2476e+06
-2.3000e+00   -2.0540e-06   1.1198e+06
-2.4000e+00   -2.3327e-06   1.0289e+06
-2.5000e+00   -2.5968e-06   9.6272e+05
-2.6000e+00   -3.0713e-06   8.4655e+05
-2.7000e+00   -3.6519e-06   7.3934e+05
-2.8000e+00   -3.8895e-06   7.1989e+05
-2.9000e+00   -4.5467e-06   6.3783e+05
-3.0000e+00   -1.2000e-05   2.5000e+05
-3.1000e+00   -1.2002e-05   2.5829e+05
-3.2000e+00   -1.2002e-05   2.6662e+05
-3.3000e+00   -1.2002e-05   2.7495e+05
-3.4000e+00   -1.2002e-05   2.8329e+05
-3.5000e+00   -1.2002e-05   2.9162e+05
-3.5000e+00   -1.2002e-05   2.9162e+05
-3.4000e+00   -1.2002e-05   2.8329e+05
-3.3000e+00   -1.2002e-05   2.7495e+05
-3.2000e+00   -1.2000e-05   2.6667e+05
-3.1000e+00   -1.2002e-05   2.5829e+05
-3.0000e+00   -1.2002e-05   2.4996e+05
-2.9000e+00   -1.2002e-05   2.4163e+05
-2.8000e+00   -1.2000e-05   2.3333e+05
-2.7000e+00   -1.2002e-05   2.2496e+05
-2.6000e+00   -1.2002e-05   2.1663e+05
-2.5000e+00   -1.2002e-05   2.0830e+05
-2.4000e+00   -1.2002e-05   1.9997e+05
-2.3000e+00   -1.2002e-05   1.9163e+05
-2.2000e+00   -1.2000e-05   1.8333e+05
-2.1000e+00   -1.2002e-05   1.7497e+05
-2.0000e+00   -1.2002e-05   1.6664e+05
-1.9000e+00   -1.2002e-05   1.5831e+05
-1.8000e+00   -1.2002e-05   1.4998e+05
-1.7000e+00   -1.2002e-05   1.4164e+05
-1.6000e+00   -1.2002e-05   1.3331e+05
-1.5000e+00   -1.2002e-05   1.2498e+05
-1.4000e+00   -1.2002e-05   1.1665e+05
-1.3000e+00   -1.2002e-05   1.0832e+05
-1.2000e+00   -1.2002e-05   9.9983e+04
-1.1000e+00   -1.2002e-05   9.1651e+04
-1.0000e+00   -1.2002e-05   8.3319e+04
-9.0000e-01   -1.2002e-05   7.4988e+04
-8.0000e-01   -1.2000e-05   6.6667e+04
-7.0000e-01   -1.2002e-05   5.8324e+04
-6.0000e-01   -1.2004e-05   4.9983e+04
-5.0000e-01   -1.2000e-05   4.1667e+04
-4.0000e-01   -1.2002e-05   3.3328e+04
-3.0000e-01   -1.2002e-05   2.4996e+04
-2.0000e-01   -1.2002e-05   1.6664e+04
-1.0000e-01   -1.2002e-05   8.3319e+03
0.0000e+00   5.3209e-08   0.0000e+00
0.0000e+00   5.5273e-08   0.0000e+00
1.0000e-01   1.9036e-05   5.2532e+03
2.0000e-01   3.8086e-05   5.2513e+03
3.0000e-01   5.7572e-05   5.2109e+03
4.0000e-01   7.7314e-05   5.1737e+03
5.0000e-01   8.9670e-05   5.5760e+03
6.0000e-01   1.0304e-05   5.8229e+04
7.0000e-01   1.9072e-07   3.6703e+06
8.0000e-01   2.3908e-07   3.3462e+06
9.0000e-01   2.9704e-07   3.0299e+06
1.0000e+00   3.6184e-07   2.7637e+06
1.1000e+00   4.4280e-07   2.4842e+06
1.2000e+00   5.3112e-07   2.2594e+06
1.3000e+00   6.3852e-07   2.0360e+06
1.4000e+00   7.6240e-07   1.8363e+06
1.5000e+00   9.0254e-07   1.6620e+06
1.6000e+00   1.0550e-06   1.5166e+06
1.7000e+00   1.2060e-06   1.4096e+06
1.8000e+00   1.4115e-06   1.2752e+06
1.9000e+00   1.9026e-06   9.9863e+05
2.0000e+00   1.1880e-06   1.6835e+06
2.1000e+00   1.3806e-06   1.5211e+06
2.2000e+00   1.6183e-06   1.3595e+06
2.3000e+00   1.8554e-06   1.2396e+06
2.4000e+00   2.1261e-06   1.1288e+06
2.5000e+00   2.4594e-06   1.0165e+06
2.5000e+00   2.4120e-06   1.0365e+06
2.4000e+00   2.1723e-06   1.1048e+06
2.3000e+00   1.9328e-06   1.1900e+06
2.2000e+00   1.6512e-06   1.3324e+06
2.1000e+00   1.4487e-06   1.4496e+06
2.0000e+00   1.2351e-06   1.6193e+06
1.9000e+00   1.0592e-06   1.7938e+06
1.8000e+00   8.8092e-07   2.0433e+06
1.7000e+00   7.4760e-07   2.2739e+06
1.6000e+00   6.3460e-07   2.5213e+06
1.5000e+00   5.2562e-07   2.8538e+06
1.4000e+00   4.3754e-07   3.1997e+06
1.3000e+00   3.5614e-07   3.6502e+06
1.2000e+00   2.9426e-07   4.0780e+06
1.1000e+00   2.3578e-07   4.6654e+06
1.0000e+00   1.8520e-07   5.3996e+06
9.0000e-01   1.4558e-07   6.1822e+06
8.0000e-01   1.0906e-07   7.3354e+06
7.0000e-01   8.0559e-08   8.6892e+06
6.0000e-01   5.6675e-08   1.0587e+07
5.0000e-01   3.8561e-08   1.2966e+07
4.0000e-01   2.4414e-08   1.6384e+07
3.0000e-01   1.3852e-08   2.1658e+07
2.0000e-01   6.3829e-09   3.1334e+07
1.0000e-01   1.9964e-09   5.0090e+07
0.0000e+00   -5.7979e-10   -0.0000e+00
