  Measurement Number     Measurement type
                 172                DC IV

      Measurement ID             SeriesID
       739603.501102                   97

         MeasureMode                Bias1                Bias2
                   2                 -3.5                  2.5

                Step  Positive compliance  Negative compliance
                 0.1                  0.1              1.2e-05

  RealMeasuredPoints
                 124

        Bias        Current     Resistance
0.0000e+00   -9.9450e-11   -0.0000e+00
-1.0000e-01   -3.3430e-09   2.9913e+07
-2.0000e-01   -8.9136e-09   2.2438e+07
-3.0000e-01   -1.6976e-08   1.7672e+07
-4.0000e-01   -2.8718e-08   1.3929e+07
-5.0000e-01   -4.3490e-08   1.1497e+07
-6.0000e-01   -6.3957e-08   9.3813e+06
-7.0000e-01   -8.7014e-08   8.0447e+06
-8.0000e-01   -1.1784e-07   6.7889e+06
-9.0000e-01   -1.5442e-07   5.8283e+06
-1.0000e+00   -1.9524e-07   5.1219e+06
-1.1000e+00   -2.4138e-07   4.5571e+06
-1.2000e+00   -2.9480e-07   4.0706e+06
-1.3000e+00   -3.5686e-07   3.6429e+06
-1.4000e+00   -4.2580e-07   3.2879e+06
-1.5000e+00   -5.1008e-07   2.9407e+06
-1.6000e+00   -5.9644e-07   2.6826e+06
-1.7000e+00   -7.0712e-07   2.4041e+06
-1.8000e+00   -8.1174e-07   2.2175e+06
-1.9000e+00   -9.1118e-07   2.0852e+06
-2.0000e+00   -1.0804e-06   1.8511e+06
-2.1000e+00   -1.1662e-06   1.8007e+06
-2.2000e+00   -1.3462e-06   1.6342e+06
-2.3000e+00   -1.5101e-06   1.5231e+06
-2.4000e+00   -1.7654e-06   1.3595e+06
-2.5000e+00   -2.0144e-06   1.2411e+06
-2.6000e+00   -2.2581e-06   1.1514e+06
-2.7000e+00   -2.5566e-06   1.0561e+06
-2.8000e+00   -2.8610e-06   9.7868e+05
-2.9000e+00   -3.3564e-06   8.6402e+05
-3.0000e+00   -3.7682e-06   7.9614e+05
-3.1000e+00   -4.1488e-06   7.4720e+05
-3.2000e+00   -5.0968e-06   6.2784e+05
-3.3000e+00   -5.7021e-06   5.7873e+05
-3.4000e+00   -6.5738e-06   5.1720e+05
-3.5000e+00   -7.2180e-06   4.8490e+05
-3.5000e+00   -7.2517e-06   4.8265e+05
-3.4000e+00   -6.7586e-06   5.0306e+05
-3.3000e+00   -6.1913e-06   5.3301e+05
-3.2000e+00   -5.8069e-06   5.5107e+05
-3.1000e+00   -5.1384e-06   6.0330e+05
-3.0000e+00   -4.6125e-06   6.5041e+05
-2.9000e+00   -4.0929e-06   7.0854e+05
-2.8000e+00   -3.5998e-06   7.7782e+05
-2.7000e+00   -3.2142e-06   8.4002e+05
-2.6000e+00   -2.8801e-06   9.0275e+05
-2.5000e+00   -2.5122e-06   9.9514e+05
-2.4000e+00   -2.2372e-06   1.0728e+06
-2.3000e+00   -1.9555e-06   1.1762e+06
-2.2000e+00   -1.6906e-06   1.3013e+06
-2.1000e+00   -1.4702e-06   1.4284e+06
-2.0000e+00   -1.2530e-06   1.5962e+06
-1.9000e+00   -1.0723e-06   1.7719e+06
-1.8000e+00   -9.1436e-07   1.9686e+06
-1.7000e+00   -7.7698e-07   2.1880e+06
-1.6000e+00   -6.6028e-07   2.4232e+06
-1.5000e+00   -5.5126e-07   2.7210e+06
-1.4000e+00   -4.6208e-07   3.0298e+06
-1.3000e+00   -3.8652e-07   3.3633e+06
-1.2000e+00   -3.1498e-07   3.8098e+06
-1.1000e+00   -2.5094e-07   4.3835e+06
-1.0000e+00   -1.9786e-07   5.0541e+06
-9.0000e-01   -1.5606e-07   5.7670e+06
-8.0000e-01   -1.1744e-07   6.8120e+06
-7.0000e-01   -8.3778e-08   8.3554e+06
-6.0000e-01   -5.9266e-08   1.0124e+07
-5.0000e-01   -4.0331e-08   1.2397e+07
-4.0000e-01   -2.5309e-08   1.5805e+07
-3.0000e-01   -1.4242e-08   2.1064e+07
-2.0000e-01   -6.6526e-09   3.0063e+07
-1.0000e-01   -1.7949e-09   5.5713e+07
0.0000e+00   1.1079e-09   0.0000e+00
0.0000e+00   1.6671e-10   0.0000e+00
1.0000e-01   2.8254e-09   3.5393e+07
2.0000e-01   7.3139e-09   2.7345e+07
3.0000e-01   1.4536e-08   2.0638e+07
4.0000e-01   2.5042e-08   1.5973e+07
5.0000e-01   3.8502e-08   1.2986e+07
6.0000e-01   5.5916e-08   1.0730e+07
7.0000e-01   7.8022e-08   8.9718e+06
8.0000e-01   1.0412e-07   7.6834e+06
9.0000e-01   1.3730e-07   6.5550e+06
1.0000e+00   1.7912e-07   5.5828e+06
1.1000e+00   2.3582e-07   4.6646e+06
1.2000e+00   2.9284e-07   4.0978e+06
1.3000e+00   3.6132e-07   3.5979e+06
1.4000e+00   4.1790e-07   3.3501e+06
1.5000e+00   5.2964e-07   2.8321e+06
1.6000e+00   6.4552e-07   2.4786e+06
1.7000e+00   7.5178e-07   2.2613e+06
1.8000e+00   8.5360e-07   2.1087e+06
1.9000e+00   9.6562e-07   1.9676e+06
2.0000e+00   1.1843e-06   1.6888e+06
2.1000e+00   1.3702e-06   1.5326e+06
2.2000e+00   1.5469e-06   1.4222e+06
2.3000e+00   1.8186e-06   1.2647e+06
2.4000e+00   1.9927e-06   1.2044e+06
2.5000e+00   2.2453e-06   1.1134e+06
2.5000e+00   2.1703e-06   1.1519e+06
2.4000e+00   1.9454e-06   1.2337e+06
2.3000e+00   1.7001e-06   1.3529e+06
2.2000e+00   1.5118e-06   1.4552e+06
2.1000e+00   1.3069e-06   1.6069e+06
2.0000e+00   1.1094e-06   1.8028e+06
1.9000e+00   9.8414e-07   1.9306e+06
1.8000e+00   8.3286e-07   2.1612e+06
1.7000e+00   6.9994e-07   2.4288e+06
1.6000e+00   5.7966e-07   2.7602e+06
1.5000e+00   4.8912e-07   3.0667e+06
1.4000e+00   4.1478e-07   3.3753e+06
1.3000e+00   3.3880e-07   3.8371e+06
1.2000e+00   2.8540e-07   4.2046e+06
1.1000e+00   2.2864e-07   4.8111e+06
1.0000e+00   1.8676e-07   5.3545e+06
9.0000e-01   1.4090e-07   6.3875e+06
8.0000e-01   1.0536e-07   7.5930e+06
7.0000e-01   7.7908e-08   8.9850e+06
6.0000e-01   5.6347e-08   1.0648e+07
5.0000e-01   3.8881e-08   1.2860e+07
4.0000e-01   2.4509e-08   1.6321e+07
3.0000e-01   1.4081e-08   2.1306e+07
2.0000e-01   6.7370e-09   2.9687e+07
1.0000e-01   2.2868e-09   4.3729e+07
0.0000e+00   -4.1571e-10   -0.0000e+00
