  Measurement Number     Measurement type
                  28                DC IV

      Measurement ID             SeriesID
       739603.492464                   92

         MeasureMode                Bias1                Bias2
                   2                   -3                  2.5

                Step  Positive compliance  Negative compliance
                0.05                  0.1                5e-05

  RealMeasuredPoints
                 224

        Bias        Current     Resistance
0.0000e+00   -4.3600e-11   -0.0000e+00
-5.0000e-02   -6.6060e-09   7.5689e+06
-1.0000e-01   -1.4724e-08   6.7916e+06
-1.5000e-01   -2.5637e-08   5.8510e+06
-2.0000e-01   -4.0163e-08   4.9797e+06
-2.5000e-01   -5.9178e-08   4.2246e+06
-3.0000e-01   -8.3804e-08   3.5798e+06
-3.5000e-01   -1.1131e-07   3.1443e+06
-4.0000e-01   -1.4302e-07   2.7968e+06
-4.5000e-01   -1.7968e-07   2.5045e+06
-5.0000e-01   -2.2518e-07   2.2204e+06
-5.5000e-01   -2.7270e-07   2.0169e+06
-6.0000e-01   -3.2492e-07   1.8466e+06
-6.5000e-01   -3.8894e-07   1.6712e+06
-7.0000e-01   -4.5708e-07   1.5315e+06
-7.5000e-01   -5.3388e-07   1.4048e+06
-8.0000e-01   -6.1340e-07   1.3042e+06
-8.5000e-01   -6.8590e-07   1.2392e+06
-9.0000e-01   -7.8992e-07   1.1394e+06
-9.5000e-01   -8.9774e-07   1.0582e+06
-1.0000e+00   -1.0159e-06   9.8435e+05
-1.0500e+00   -1.1299e-06   9.2930e+05
-1.1000e+00   -1.2353e-06   8.9047e+05
-1.1500e+00   -1.3653e-06   8.4231e+05
-1.2000e+00   -1.5387e-06   7.7988e+05
-1.2500e+00   -1.6344e-06   7.6481e+05
-1.3000e+00   -1.7427e-06   7.4597e+05
-1.3500e+00   -1.9880e-06   6.7907e+05
-1.4000e+00   -2.1363e-06   6.5534e+05
-1.4500e+00   -2.2881e-06   6.3371e+05
-1.5000e+00   -2.5895e-06   5.7926e+05
-1.5500e+00   -2.6798e-06   5.7840e+05
-1.6000e+00   -2.9289e-06   5.4628e+05
-1.6500e+00   -3.1856e-06   5.1796e+05
-1.7000e+00   -3.4067e-06   4.9902e+05
-1.7500e+00   -3.5142e-06   4.9798e+05
-1.8000e+00   -3.7580e-06   4.7898e+05
-1.8500e+00   -4.0491e-06   4.5689e+05
-1.9000e+00   -4.3763e-06   4.3416e+05
-1.9500e+00   -4.7565e-06   4.0997e+05
-2.0000e+00   -5.1768e-06   3.8634e+05
-2.0500e+00   -5.4290e-06   3.7760e+05
-2.1000e+00   -5.8370e-06   3.5977e+05
-2.1500e+00   -6.2148e-06   3.4595e+05
-2.2000e+00   -7.0563e-06   3.1178e+05
-2.2500e+00   -7.6166e-06   2.9541e+05
-2.3000e+00   -8.0232e-06   2.8667e+05
-2.3500e+00   -8.7919e-06   2.6729e+05
-2.4000e+00   -9.1419e-06   2.6253e+05
-2.4500e+00   -9.9432e-06   2.4640e+05
-2.5000e+00   -1.1580e-05   2.1589e+05
-2.5500e+00   -1.3090e-05   1.9481e+05
-2.6000e+00   -1.3332e-05   1.9502e+05
-2.6500e+00   -1.4124e-05   1.8762e+05
-2.7000e+00   -1.4976e-05   1.8029e+05
-2.7500e+00   -1.5308e-05   1.7964e+05
-2.8000e+00   -4.9996e-05   5.6004e+04
-2.8500e+00   -4.9998e-05   5.7002e+04
-2.9000e+00   -4.9998e-05   5.8002e+04
-2.9500e+00   -4.9996e-05   5.9005e+04
-3.0000e+00   -4.9998e-05   6.0002e+04
-3.0000e+00   -4.9998e-05   6.0002e+04
-2.9500e+00   -4.9998e-05   5.9002e+04
-2.9000e+00   -4.9996e-05   5.8005e+04
-2.8500e+00   -4.9998e-05   5.7002e+04
-2.8000e+00   -4.9998e-05   5.6002e+04
-2.7500e+00   -5.0000e-05   5.5000e+04
-2.7000e+00   -5.0000e-05   5.4000e+04
-2.6500e+00   -4.9998e-05   5.3002e+04
-2.6000e+00   -4.9996e-05   5.2004e+04
-2.5500e+00   -5.0000e-05   5.1000e+04
-2.5000e+00   -4.9998e-05   5.0002e+04
-2.4500e+00   -5.0000e-05   4.9000e+04
-2.4000e+00   -5.0000e-05   4.8000e+04
-2.3500e+00   -4.9998e-05   4.7002e+04
-2.3000e+00   -4.9998e-05   4.6002e+04
-2.2500e+00   -4.9998e-05   4.5002e+04
-2.2000e+00   -5.0000e-05   4.4000e+04
-2.1500e+00   -5.0000e-05   4.3000e+04
-2.1000e+00   -4.9998e-05   4.2002e+04
-2.0500e+00   -4.9998e-05   4.1002e+04
-2.0000e+00   -4.9996e-05   4.0003e+04
-1.9500e+00   -5.0000e-05   3.9000e+04
-1.9000e+00   -5.0000e-05   3.8000e+04
-1.8500e+00   -5.0000e-05   3.7000e+04
-1.8000e+00   -4.9998e-05   3.6001e+04
-1.7500e+00   -4.9998e-05   3.5001e+04
-1.7000e+00   -5.0000e-05   3.4000e+04
-1.6500e+00   -5.0000e-05   3.3000e+04
-1.6000e+00   -5.0000e-05   3.2000e+04
-1.5500e+00   -4.9998e-05   3.1001e+04
-1.5000e+00   -4.9998e-05   3.0001e+04
-1.4500e+00   -4.9998e-05   2.9001e+04
-1.4000e+00   -5.0000e-05   2.8000e+04
-1.3500e+00   -4.9998e-05   2.7001e+04
-1.3000e+00   -4.9998e-05   2.6001e+04
-1.2500e+00   -5.0000e-05   2.5000e+04
-1.2000e+00   -4.9998e-05   2.4001e+04
-1.1500e+00   -5.0002e-05   2.2999e+04
-1.1000e+00   -4.9998e-05   2.2001e+04
-1.0500e+00   -4.9996e-05   2.1002e+04
-1.0000e+00   -4.9998e-05   2.0001e+04
-9.5000e-01   -5.0000e-05   1.9000e+04
-9.0000e-01   -4.9998e-05   1.8001e+04
-8.5000e-01   -5.0000e-05   1.7000e+04
-8.0000e-01   -4.9998e-05   1.6001e+04
-7.5000e-01   -4.9998e-05   1.5001e+04
-7.0000e-01   -5.0000e-05   1.4000e+04
-6.5000e-01   -4.9998e-05   1.3001e+04
-6.0000e-01   -5.0000e-05   1.2000e+04
-5.5000e-01   -5.0002e-05   1.1000e+04
-5.0000e-01   -4.9998e-05   1.0000e+04
-4.5000e-01   -5.0002e-05   8.9996e+03
-4.0000e-01   -5.0000e-05   8.0000e+03
-3.5000e-01   -4.9998e-05   7.0003e+03
-3.0000e-01   -4.9998e-05   6.0002e+03
-2.5000e-01   -5.0000e-05   5.0000e+03
-2.0000e-01   -4.9998e-05   4.0002e+03
-1.5000e-01   -4.9998e-05   3.0001e+03
-1.0000e-01   -4.9998e-05   2.0001e+03
-5.0000e-02   -3.0588e-05   1.6346e+03
0.0000e+00   1.8598e-07   0.0000e+00
0.0000e+00   1.8294e-07   0.0000e+00
5.0000e-02   3.0950e-05   1.6155e+03
1.0000e-01   6.1758e-05   1.6192e+03
1.5000e-01   9.2612e-05   1.6197e+03
2.0000e-01   1.2350e-04   1.6194e+03
2.5000e-01   1.5442e-04   1.6190e+03
3.0000e-01   1.8538e-04   1.6183e+03
3.5000e-01   2.1652e-04   1.6165e+03
4.0000e-01   2.4772e-04   1.6147e+03
4.5000e-01   2.7902e-04   1.6128e+03
5.0000e-01   3.1030e-04   1.6113e+03
5.5000e-01   3.4184e-04   1.6089e+03
6.0000e-01   3.7374e-04   1.6054e+03
6.5000e-01   4.0574e-04   1.6020e+03
7.0000e-01   4.3796e-04   1.5983e+03
7.5000e-01   4.7050e-04   1.5940e+03
8.0000e-01   5.0334e-04   1.5894e+03
8.5000e-01   5.3648e-04   1.5844e+03
9.0000e-01   5.7008e-04   1.5787e+03
9.5000e-01   6.0390e-04   1.5731e+03
1.0000e+00   6.3816e-04   1.5670e+03
1.0500e+00   6.7236e-04   1.5617e+03
1.1000e+00   7.0658e-04   1.5568e+03
1.1500e+00   7.4058e-04   1.5528e+03
1.2000e+00   7.7416e-04   1.5501e+03
1.2500e+00   8.0782e-04   1.5474e+03
1.3000e+00   8.4078e-04   1.5462e+03
1.3500e+00   8.7326e-04   1.5459e+03
1.4000e+00   9.0564e-04   1.5459e+03
1.4500e+00   9.3740e-04   1.5468e+03
1.5000e+00   9.6908e-04   1.5479e+03
1.5500e+00   1.0009e-03   1.5485e+03
1.6000e+00   1.0327e-03   1.5494e+03
1.6500e+00   1.0643e-03   1.5504e+03
1.7000e+00   1.0967e-03   1.5501e+03
1.7500e+00   1.1288e-03   1.5503e+03
1.8000e+00   1.1632e-03   1.5475e+03
1.8500e+00   1.1918e-03   1.5523e+03
1.9000e+00   1.2142e-03   1.5648e+03
1.9500e+00   5.2272e-06   3.7305e+05
2.0000e+00   5.6805e-06   3.5208e+05
2.0500e+00   6.4261e-06   3.1901e+05
2.1000e+00   7.3852e-06   2.8435e+05
2.1500e+00   7.5593e-06   2.8442e+05
2.2000e+00   8.4161e-06   2.6140e+05
2.2500e+00   9.5249e-06   2.3622e+05
2.3000e+00   7.3602e-06   3.1249e+05
2.3500e+00   7.8802e-06   2.9822e+05
2.4000e+00   8.6731e-06   2.7672e+05
2.4500e+00   9.2593e-06   2.6460e+05
2.5000e+00   9.8862e-06   2.5288e+05
2.5000e+00   1.0062e-05   2.4847e+05
2.4500e+00   9.5757e-06   2.5586e+05
2.4000e+00   8.8752e-06   2.7042e+05
2.3500e+00   8.1753e-06   2.8745e+05
2.3000e+00   7.9164e-06   2.9054e+05
2.2500e+00   7.4850e-06   3.0060e+05
2.2000e+00   6.9267e-06   3.1761e+05
2.1500e+00   6.4888e-06   3.3134e+05
2.1000e+00   5.9847e-06   3.5089e+05
2.0500e+00   5.5494e-06   3.6941e+05
2.0000e+00   5.1903e-06   3.8533e+05
1.9500e+00   4.8784e-06   3.9972e+05
1.9000e+00   4.5398e-06   4.1852e+05
1.8500e+00   4.2129e-06   4.3913e+05
1.8000e+00   3.8995e-06   4.6160e+05
1.7500e+00   3.6078e-06   4.8506e+05
1.7000e+00   3.3252e-06   5.1125e+05
1.6500e+00   3.0842e-06   5.3498e+05
1.6000e+00   2.8952e-06   5.5264e+05
1.5500e+00   2.6417e-06   5.8674e+05
1.5000e+00   2.4210e-06   6.1958e+05
1.4500e+00   2.2240e-06   6.5198e+05
1.4000e+00   2.0258e-06   6.9109e+05
1.3500e+00   1.8515e-06   7.2914e+05
1.3000e+00   1.6604e-06   7.8294e+05
1.2500e+00   1.4975e-06   8.3472e+05
1.2000e+00   1.3613e-06   8.8151e+05
1.1500e+00   1.2442e-06   9.2429e+05
1.1000e+00   1.1010e-06   9.9909e+05
1.0500e+00   9.9090e-07   1.0596e+06
1.0000e+00   8.8748e-07   1.1268e+06
9.5000e-01   7.8914e-07   1.2038e+06
9.0000e-01   7.0052e-07   1.2848e+06
8.5000e-01   6.1452e-07   1.3832e+06
8.0000e-01   5.3668e-07   1.4906e+06
7.5000e-01   4.6456e-07   1.6144e+06
7.0000e-01   4.0048e-07   1.7479e+06
6.5000e-01   3.3962e-07   1.9139e+06
6.0000e-01   2.8268e-07   2.1225e+06
5.5000e-01   2.3688e-07   2.3219e+06
5.0000e-01   1.9220e-07   2.6015e+06
4.5000e-01   1.5586e-07   2.8872e+06
4.0000e-01   1.2140e-07   3.2949e+06
3.5000e-01   9.4355e-08   3.7094e+06
3.0000e-01   7.2075e-08   4.1623e+06
2.5000e-01   5.1160e-08   4.8866e+06
2.0000e-01   3.4344e-08   5.8235e+06
1.5000e-01   2.3112e-08   6.4901e+06
1.0000e-01   1.2766e-08   7.8332e+06
5.0000e-02   5.5439e-09   9.0189e+06
0.0000e+00   -6.5903e-10   -0.0000e+00
