  Measurement Number     Measurement type
                  35                DC IV

      Measurement ID             SeriesID
       739603.481419                    0

         MeasureMode                Bias1                Bias2
                   2                 -3.5                    3

                Step  Positive compliance  Negative compliance
                0.05                0.001                0.001

  RealMeasuredPoints
                 264

        Bias        Current     Resistance
0.0000e+00   -7.7600e-12   -0.0000e+00
-5.0000e-02   -2.7448e-09   1.8216e+07
-1.0000e-01   -5.8734e-09   1.7026e+07
-1.5000e-01   -9.9248e-09   1.5114e+07
-2.0000e-01   -1.4811e-08   1.3503e+07
-2.5000e-01   -2.1055e-08   1.1874e+07
-3.0000e-01   -2.6796e-08   1.1196e+07
-3.5000e-01   -3.3886e-08   1.0329e+07
-4.0000e-01   -4.2282e-08   9.4603e+06
-4.5000e-01   -5.1082e-08   8.8093e+06
-5.0000e-01   -6.1072e-08   8.1871e+06
-5.5000e-01   -7.2244e-08   7.6131e+06
-6.0000e-01   -8.4431e-08   7.1064e+06
-6.5000e-01   -9.8850e-08   6.5756e+06
-7.0000e-01   -1.1442e-07   6.1178e+06
-7.5000e-01   -1.3376e-07   5.6071e+06
-8.0000e-01   -1.5274e-07   5.2377e+06
-8.5000e-01   -1.7106e-07   4.9690e+06
-9.0000e-01   -1.8376e-07   4.8977e+06
-9.5000e-01   -2.1012e-07   4.5212e+06
-1.0000e+00   -2.3322e-07   4.2878e+06
-1.0500e+00   -2.6350e-07   3.9848e+06
-1.1000e+00   -2.8924e-07   3.8031e+06
-1.1500e+00   -3.1874e-07   3.6080e+06
-1.2000e+00   -3.5320e-07   3.3975e+06
-1.2500e+00   -3.9134e-07   3.1942e+06
-1.3000e+00   -4.3396e-07   2.9957e+06
-1.3500e+00   -4.7128e-07   2.8645e+06
-1.4000e+00   -5.1358e-07   2.7260e+06
-1.4500e+00   -5.7504e-07   2.5216e+06
-1.5000e+00   -6.1920e-07   2.4225e+06
-1.5500e+00   -6.7336e-07   2.3019e+06
-1.6000e+00   -7.6470e-07   2.0923e+06
-1.6500e+00   -8.6132e-07   1.9157e+06
-1.7000e+00   -9.4078e-07   1.8070e+06
-1.7500e+00   -1.0025e-06   1.7457e+06
-1.8000e+00   -1.0547e-06   1.7066e+06
-1.8500e+00   -1.1429e-06   1.6186e+06
-1.9000e+00   -1.2729e-06   1.4927e+06
-1.9500e+00   -1.6074e-06   1.2131e+06
-2.0000e+00   -1.7251e-06   1.1594e+06
-2.0500e+00   -1.8411e-06   1.1135e+06
-2.1000e+00   -1.9809e-06   1.0601e+06
-2.1500e+00   -1.8466e-06   1.1643e+06
-2.2000e+00   -1.9898e-06   1.1056e+06
-2.2500e+00   -2.1723e-06   1.0358e+06
-2.3000e+00   -2.1906e-06   1.0499e+06
-2.3500e+00   -2.3102e-06   1.0172e+06
-2.4000e+00   -2.4392e-06   9.8393e+05
-2.4500e+00   -2.5977e-06   9.4314e+05
-2.5000e+00   -2.6887e-06   9.2982e+05
-2.5500e+00   -3.0402e-06   8.3876e+05
-2.6000e+00   -3.2179e-06   8.0798e+05
-2.6500e+00   -3.5661e-06   7.4311e+05
-2.7000e+00   -3.7583e-06   7.1841e+05
-2.7500e+00   -4.0339e-06   6.8172e+05
-2.8000e+00   -4.3746e-06   6.4006e+05
-2.8500e+00   -4.6403e-06   6.1418e+05
-2.9000e+00   -4.9785e-06   5.8250e+05
-2.9500e+00   -5.4243e-06   5.4385e+05
-3.0000e+00   -5.7706e-06   5.1988e+05
-3.0500e+00   -9.4740e-04   3.2193e+03
-3.1000e+00   -1.0003e-03   3.0989e+03
-3.1500e+00   -9.9998e-04   3.1501e+03
-3.2000e+00   -1.0000e-03   3.2000e+03
-3.2500e+00   -9.9992e-04   3.2503e+03
-3.3000e+00   -1.0001e-03   3.2998e+03
-3.3500e+00   -9.9996e-04   3.3501e+03
-3.4000e+00   -1.0001e-03   3.3997e+03
-3.4500e+00   -1.0000e-03   3.4500e+03
-3.5000e+00   -1.0000e-03   3.5000e+03
-3.5000e+00   -1.0000e-03   3.4999e+03
-3.4500e+00   -9.9992e-04   3.4503e+03
-3.4000e+00   -9.9996e-04   3.4001e+03
-3.3500e+00   -1.0001e-03   3.3497e+03
-3.3000e+00   -1.0000e-03   3.3000e+03
-3.2500e+00   -1.0001e-03   3.2498e+03
-3.2000e+00   -1.0000e-03   3.1999e+03
-3.1500e+00   -1.0001e-03   3.1496e+03
-3.1000e+00   -1.0001e-03   3.0997e+03
-3.0500e+00   -9.9998e-04   3.0501e+03
-3.0000e+00   -9.7982e-04   3.0618e+03
-2.9500e+00   -9.5402e-04   3.0922e+03
-2.9000e+00   -9.3066e-04   3.1161e+03
-2.8500e+00   -9.1078e-04   3.1292e+03
-2.8000e+00   -8.9424e-04   3.1312e+03
-2.7500e+00   -8.7882e-04   3.1292e+03
-2.7000e+00   -8.6128e-04   3.1349e+03
-2.6500e+00   -8.4550e-04   3.1342e+03
-2.6000e+00   -8.2814e-04   3.1396e+03
-2.5500e+00   -8.0336e-04   3.1742e+03
-2.5000e+00   -7.9518e-04   3.1439e+03
-2.4500e+00   -7.7670e-04   3.1544e+03
-2.4000e+00   -7.5988e-04   3.1584e+03
-2.3500e+00   -7.4186e-04   3.1677e+03
-2.3000e+00   -7.2592e-04   3.1684e+03
-2.2500e+00   -7.1404e-04   3.1511e+03
-2.2000e+00   -6.9484e-04   3.1662e+03
-2.1500e+00   -6.7222e-04   3.1984e+03
-2.1000e+00   -6.5656e-04   3.1985e+03
-2.0500e+00   -6.3910e-04   3.2076e+03
-2.0000e+00   -6.1602e-04   3.2466e+03
-1.9500e+00   -6.0004e-04   3.2498e+03
-1.9000e+00   -5.8076e-04   3.2716e+03
-1.8500e+00   -5.6386e-04   3.2810e+03
-1.8000e+00   -5.4630e-04   3.2949e+03
-1.7500e+00   -5.3260e-04   3.2858e+03
-1.7000e+00   -5.1444e-04   3.3046e+03
-1.6500e+00   -4.9700e-04   3.3199e+03
-1.6000e+00   -4.8094e-04   3.3268e+03
-1.5500e+00   -4.6394e-04   3.3409e+03
-1.5000e+00   -4.4750e-04   3.3520e+03
-1.4500e+00   -4.3200e-04   3.3565e+03
-1.4000e+00   -4.1632e-04   3.3628e+03
-1.3500e+00   -4.0028e-04   3.3726e+03
-1.3000e+00   -3.8480e-04   3.3784e+03
-1.2500e+00   -3.6860e-04   3.3912e+03
-1.2000e+00   -3.5488e-04   3.3814e+03
-1.1500e+00   -3.3770e-04   3.4054e+03
-1.1000e+00   -3.2288e-04   3.4068e+03
-1.0500e+00   -3.0722e-04   3.4177e+03
-1.0000e+00   -2.9306e-04   3.4123e+03
-9.5000e-01   -2.7836e-04   3.4128e+03
-9.0000e-01   -2.6384e-04   3.4112e+03
-8.5000e-01   -2.4842e-04   3.4216e+03
-8.0000e-01   -2.3366e-04   3.4238e+03
-7.5000e-01   -2.1876e-04   3.4284e+03
-7.0000e-01   -2.0366e-04   3.4371e+03
-6.5000e-01   -1.8820e-04   3.4538e+03
-6.0000e-01   -1.7378e-04   3.4526e+03
-5.5000e-01   -1.5866e-04   3.4665e+03
-5.0000e-01   -1.4458e-04   3.4583e+03
-4.5000e-01   -1.2970e-04   3.4695e+03
-4.0000e-01   -1.1500e-04   3.4783e+03
-3.5000e-01   -1.0076e-04   3.4736e+03
-3.0000e-01   -8.6400e-05   3.4722e+03
-2.5000e-01   -7.1924e-05   3.4759e+03
-2.0000e-01   -5.7530e-05   3.4764e+03
-1.5000e-01   -4.3076e-05   3.4822e+03
-1.0000e-01   -2.8600e-05   3.4965e+03
-5.0000e-02   -1.4280e-05   3.5014e+03
0.0000e+00   7.5520e-08   0.0000e+00
0.0000e+00   7.8077e-08   0.0000e+00
5.0000e-02   1.4454e-05   3.4593e+03
1.0000e-01   2.8822e-05   3.4696e+03
1.5000e-01   4.3206e-05   3.4717e+03
2.0000e-01   5.7608e-05   3.4717e+03
2.5000e-01   7.2046e-05   3.4700e+03
3.0000e-01   8.6626e-05   3.4632e+03
3.5000e-01   1.0105e-04   3.4636e+03
4.0000e-01   1.1548e-04   3.4638e+03
4.5000e-01   1.2984e-04   3.4658e+03
5.0000e-01   1.4492e-04   3.4502e+03
5.5000e-01   1.5904e-04   3.4582e+03
6.0000e-01   1.7446e-04   3.4392e+03
6.5000e-01   1.8974e-04   3.4257e+03
7.0000e-01   2.0372e-04   3.4361e+03
7.5000e-01   2.1906e-04   3.4237e+03
8.0000e-01   2.3320e-04   3.4305e+03
8.5000e-01   2.4758e-04   3.4332e+03
9.0000e-01   2.6166e-04   3.4396e+03
9.5000e-01   2.7676e-04   3.4326e+03
1.0000e+00   2.8958e-04   3.4533e+03
1.0500e+00   3.0426e-04   3.4510e+03
1.1000e+00   3.2026e-04   3.4347e+03
1.1500e+00   3.3584e-04   3.4242e+03
1.2000e+00   3.5388e-04   3.3910e+03
1.2500e+00   3.6568e-04   3.4183e+03
1.3000e+00   3.7990e-04   3.4220e+03
1.3500e+00   3.9692e-04   3.4012e+03
1.4000e+00   4.0832e-04   3.4287e+03
1.4500e+00   4.2426e-04   3.4177e+03
1.5000e+00   4.3432e-04   3.4537e+03
1.5500e+00   4.5258e-04   3.4248e+03
1.6000e+00   4.6674e-04   3.4280e+03
1.6500e+00   4.8334e-04   3.4137e+03
1.7000e+00   4.9770e-04   3.4157e+03
1.7500e+00   5.1464e-04   3.4004e+03
1.8000e+00   5.2612e-04   3.4213e+03
1.8500e+00   5.4408e-04   3.4002e+03
1.9000e+00   5.6332e-04   3.3729e+03
1.9500e+00   5.8438e-04   3.3369e+03
2.0000e+00   6.0808e-04   3.2890e+03
2.0500e+00   6.3526e-04   3.2270e+03
2.1000e+00   6.8412e-04   3.0696e+03
2.1500e+00   7.1458e-04   3.0088e+03
2.2000e+00   7.3416e-04   2.9966e+03
2.2500e+00   7.5442e-04   2.9824e+03
2.3000e+00   7.8094e-04   2.9452e+03
2.3500e+00   8.0650e-04   2.9138e+03
2.4000e+00   8.3236e-04   2.8834e+03
2.4500e+00   8.5622e-04   2.8614e+03
2.5000e+00   8.9158e-04   2.8040e+03
2.5500e+00   9.2382e-04   2.7603e+03
2.6000e+00   9.4380e-04   2.7548e+03
2.6500e+00   9.7170e-04   2.7272e+03
2.7000e+00   9.9998e-04   2.7001e+03
2.7500e+00   9.9998e-04   2.7501e+03
2.8000e+00   9.9996e-04   2.8001e+03
2.8500e+00   1.0000e-03   2.8500e+03
2.9000e+00   1.0000e-03   2.9000e+03
2.9500e+00   1.0000e-03   2.9500e+03
3.0000e+00   9.9996e-04   3.0001e+03
3.0000e+00   1.0000e-03   2.9999e+03
2.9500e+00   9.9998e-04   2.9501e+03
2.9000e+00   9.9994e-04   2.9002e+03
2.8500e+00   1.0000e-03   2.8500e+03
2.8000e+00   9.9996e-04   2.8001e+03
2.7500e+00   1.0000e-03   2.7500e+03
2.7000e+00   9.9998e-04   2.7001e+03
2.6500e+00   9.9998e-04   2.6501e+03
2.6000e+00   1.0000e-03   2.6000e+03
2.5500e+00   9.9996e-04   2.5501e+03
2.5000e+00   9.9996e-04   2.5001e+03
2.4500e+00   9.9998e-04   2.4500e+03
2.4000e+00   1.0000e-03   2.4000e+03
2.3500e+00   9.8604e-04   2.3833e+03
2.3000e+00   9.6638e-04   2.3800e+03
2.2500e+00   9.4448e-04   2.3823e+03
2.2000e+00   9.2160e-04   2.3872e+03
2.1500e+00   9.0120e-04   2.3857e+03
2.1000e+00   8.8066e-04   2.3846e+03
2.0500e+00   8.5966e-04   2.3847e+03
2.0000e+00   8.3774e-04   2.3874e+03
1.9500e+00   8.1690e-04   2.3871e+03
1.9000e+00   7.9584e-04   2.3874e+03
1.8500e+00   7.7562e-04   2.3852e+03
1.8000e+00   7.5424e-04   2.3865e+03
1.7500e+00   7.3324e-04   2.3867e+03
1.7000e+00   7.1202e-04   2.3876e+03
1.6500e+00   6.9078e-04   2.3886e+03
1.6000e+00   6.6934e-04   2.3904e+03
1.5500e+00   6.4720e-04   2.3949e+03
1.5000e+00   6.2618e-04   2.3955e+03
1.4500e+00   6.0478e-04   2.3976e+03
1.4000e+00   5.8330e-04   2.4001e+03
1.3500e+00   5.6186e-04   2.4027e+03
1.3000e+00   5.4076e-04   2.4040e+03
1.2500e+00   5.1966e-04   2.4054e+03
1.2000e+00   4.9850e-04   2.4072e+03
1.1500e+00   4.7730e-04   2.4094e+03
1.1000e+00   4.5648e-04   2.4097e+03
1.0500e+00   4.3548e-04   2.4111e+03
1.0000e+00   4.1446e-04   2.4128e+03
9.5000e-01   3.9364e-04   2.4134e+03
9.0000e-01   3.7276e-04   2.4144e+03
8.5000e-01   3.5192e-04   2.4153e+03
8.0000e-01   3.3104e-04   2.4166e+03
7.5000e-01   3.1018e-04   2.4180e+03
7.0000e-01   2.8950e-04   2.4180e+03
6.5000e-01   2.6870e-04   2.4191e+03
6.0000e-01   2.4796e-04   2.4197e+03
5.5000e-01   2.2724e-04   2.4203e+03
5.0000e-01   2.0658e-04   2.4204e+03
4.5000e-01   1.8598e-04   2.4196e+03
4.0000e-01   1.6520e-04   2.4213e+03
3.5000e-01   1.4454e-04   2.4215e+03
3.0000e-01   1.2394e-04   2.4205e+03
2.5000e-01   1.0330e-04   2.4201e+03
2.0000e-01   8.2500e-05   2.4242e+03
1.5000e-01   6.1954e-05   2.4212e+03
1.0000e-01   4.1334e-05   2.4193e+03
5.0000e-02   2.0720e-05   2.4131e+03
0.0000e+00   1.1280e-07   0.0000e+00
