  Measurement Number     Measurement type
                   6                DC IV

      Measurement ID             SeriesID
       739603.477507                    0

         MeasureMode                Bias1                Bias2
                   2                   -3                    3

                Step  Positive compliance  Negative compliance
                0.05                2e-06                2e-06

  RealMeasuredPoints
                 244

        Bias        Current     Resistance
0.0000e+00   6.1960e-11   0.0000e+00
-5.0000e-02   -1.5377e-08   3.2517e+06
-1.0000e-01   -3.3755e-08   2.9625e+06
-1.5000e-01   -5.6840e-08   2.6390e+06
-2.0000e-01   -8.3936e-08   2.3828e+06
-2.5000e-01   -1.1726e-07   2.1320e+06
-3.0000e-01   -1.4778e-07   2.0300e+06
-3.5000e-01   -1.6032e-07   2.1831e+06
-4.0000e-01   -1.7480e-07   2.2883e+06
-4.5000e-01   -2.0874e-07   2.1558e+06
-5.0000e-01   -2.8328e-07   1.7650e+06
-5.5000e-01   -2.0684e-07   2.6591e+06
-6.0000e-01   -2.7292e-07   2.1984e+06
-6.5000e-01   -2.1206e-07   3.0652e+06
-7.0000e-01   -2.5090e-07   2.7900e+06
-7.5000e-01   -2.9044e-07   2.5823e+06
-8.0000e-01   -3.3692e-07   2.3745e+06
-8.5000e-01   -3.7594e-07   2.2610e+06
-9.0000e-01   -4.3880e-07   2.0510e+06
-9.5000e-01   -5.0214e-07   1.8919e+06
-1.0000e+00   -7.3202e-07   1.3661e+06
-1.0500e+00   -6.3696e-07   1.6485e+06
-1.1000e+00   -6.8780e-07   1.5993e+06
-1.1500e+00   -7.7006e-07   1.4934e+06
-1.2000e+00   -8.5094e-07   1.4102e+06
-1.2500e+00   -9.3626e-07   1.3351e+06
-1.3000e+00   -1.0281e-06   1.2644e+06
-1.3500e+00   -1.0823e-06   1.2473e+06
-1.4000e+00   -1.2198e-06   1.1477e+06
-1.4500e+00   -1.3491e-06   1.0748e+06
-1.5000e+00   -1.4888e-06   1.0075e+06
-1.5500e+00   -1.6275e-06   9.5238e+05
-1.6000e+00   -2.0000e-06   8.0000e+05
-1.6500e+00   -2.0002e-06   8.2492e+05
-1.7000e+00   -2.0001e-06   8.4996e+05
-1.7500e+00   -2.0001e-06   8.7496e+05
-1.8000e+00   -2.0002e-06   8.9991e+05
-1.8500e+00   -2.0002e-06   9.2491e+05
-1.9000e+00   -2.0002e-06   9.4991e+05
-1.9500e+00   -2.0002e-06   9.7490e+05
-2.0000e+00   -2.0002e-06   9.9990e+05
-2.0500e+00   -2.0002e-06   1.0249e+06
-2.1000e+00   -2.0001e-06   1.0499e+06
-2.1500e+00   -2.0002e-06   1.0749e+06
-2.2000e+00   -2.0002e-06   1.0999e+06
-2.2500e+00   -2.0001e-06   1.1249e+06
-2.3000e+00   -2.0002e-06   1.1499e+06
-2.3500e+00   -2.0000e-06   1.1750e+06
-2.4000e+00   -2.0002e-06   1.1999e+06
-2.4500e+00   -2.0001e-06   1.2249e+06
-2.5000e+00   -2.0000e-06   1.2500e+06
-2.5500e+00   -2.0001e-06   1.2749e+06
-2.6000e+00   -2.0001e-06   1.2999e+06
-2.6500e+00   -2.0000e-06   1.3250e+06
-2.7000e+00   -2.0001e-06   1.3499e+06
-2.7500e+00   -2.0001e-06   1.3749e+06
-2.8000e+00   -2.0002e-06   1.3999e+06
-2.8500e+00   -2.0002e-06   1.4249e+06
-2.9000e+00   -2.0001e-06   1.4499e+06
-2.9500e+00   -2.0002e-06   1.4749e+06
-3.0000e+00   -2.0001e-06   1.4999e+06
-3.0000e+00   -2.0002e-06   1.4999e+06
-2.9500e+00   -2.0000e-06   1.4750e+06
-2.9000e+00   -2.0002e-06   1.4499e+06
-2.8500e+00   -2.0002e-06   1.4249e+06
-2.8000e+00   -2.0000e-06   1.4000e+06
-2.7500e+00   -2.0002e-06   1.3749e+06
-2.7000e+00   -2.0002e-06   1.3499e+06
-2.6500e+00   -2.0002e-06   1.3249e+06
-2.6000e+00   -2.0000e-06   1.3000e+06
-2.5500e+00   -2.0000e-06   1.2750e+06
-2.5000e+00   -2.0001e-06   1.2499e+06
-2.4500e+00   -2.0001e-06   1.2249e+06
-2.4000e+00   -2.0001e-06   1.1999e+06
-2.3500e+00   -2.0002e-06   1.1749e+06
-2.3000e+00   -2.0002e-06   1.1499e+06
-2.2500e+00   -2.0000e-06   1.1250e+06
-2.2000e+00   -2.0002e-06   1.0999e+06
-2.1500e+00   -2.0001e-06   1.0749e+06
-2.1000e+00   -2.0002e-06   1.0499e+06
-2.0500e+00   -2.0002e-06   1.0249e+06
-2.0000e+00   -2.0003e-06   9.9985e+05
-1.9500e+00   -2.0000e-06   9.7500e+05
-1.9000e+00   -2.0000e-06   9.5000e+05
-1.8500e+00   -2.0000e-06   9.2500e+05
-1.8000e+00   -2.0002e-06   8.9991e+05
-1.7500e+00   -2.0002e-06   8.7491e+05
-1.7000e+00   -2.0003e-06   8.4987e+05
-1.6500e+00   -2.0002e-06   8.2492e+05
-1.6000e+00   -2.0002e-06   7.9992e+05
-1.5500e+00   -2.0001e-06   7.7496e+05
-1.5000e+00   -2.0001e-06   7.4996e+05
-1.4500e+00   -2.0003e-06   7.2489e+05
-1.4000e+00   -2.0002e-06   6.9993e+05
-1.3500e+00   -2.0002e-06   6.7493e+05
-1.3000e+00   -2.0001e-06   6.4997e+05
-1.2500e+00   -2.0000e-06   6.2500e+05
-1.2000e+00   -2.0002e-06   5.9994e+05
-1.1500e+00   -2.0001e-06   5.7497e+05
-1.1000e+00   -2.0001e-06   5.4997e+05
-1.0500e+00   -2.0000e-06   5.2500e+05
-1.0000e+00   -2.0003e-06   4.9993e+05
-9.5000e-01   -2.0000e-06   4.7500e+05
-9.0000e-01   -2.0002e-06   4.4996e+05
-8.5000e-01   -2.0001e-06   4.2498e+05
-8.0000e-01   -2.0001e-06   3.9998e+05
-7.5000e-01   -2.0002e-06   3.7496e+05
-7.0000e-01   -2.0001e-06   3.4998e+05
-6.5000e-01   -2.0002e-06   3.2497e+05
-6.0000e-01   -2.0000e-06   3.0000e+05
-5.5000e-01   -2.0001e-06   2.7499e+05
-5.0000e-01   -2.0002e-06   2.4998e+05
-4.5000e-01   -2.0000e-06   2.2500e+05
-4.0000e-01   -2.0002e-06   1.9998e+05
-3.5000e-01   -2.0003e-06   1.7497e+05
-3.0000e-01   -2.0001e-06   1.4999e+05
-2.5000e-01   -2.0000e-06   1.2500e+05
-2.0000e-01   -2.0000e-06   1.0000e+05
-1.5000e-01   -1.9340e-06   7.7559e+04
-1.0000e-01   -1.2339e-06   8.1044e+04
-5.0000e-02   -5.9326e-07   8.4280e+04
0.0000e+00   3.2996e-09   0.0000e+00
0.0000e+00   2.5516e-09   0.0000e+00
5.0000e-02   5.2770e-07   9.4751e+04
1.0000e-01   1.0936e-06   9.1439e+04
1.5000e-01   1.7122e-06   8.7607e+04
2.0000e-01   1.9999e-06   1.0001e+05
2.5000e-01   1.9997e-06   1.2502e+05
3.0000e-01   1.9996e-06   1.5003e+05
3.5000e-01   1.9996e-06   1.7504e+05
4.0000e-01   1.9998e-06   2.0002e+05
4.5000e-01   1.9996e-06   2.2505e+05
5.0000e-01   1.9999e-06   2.5001e+05
5.5000e-01   1.9998e-06   2.7503e+05
6.0000e-01   1.9999e-06   3.0002e+05
6.5000e-01   1.9997e-06   3.2505e+05
7.0000e-01   1.9998e-06   3.5004e+05
7.5000e-01   1.9997e-06   3.7506e+05
8.0000e-01   1.9996e-06   4.0008e+05
8.5000e-01   1.9998e-06   4.2504e+05
9.0000e-01   1.9994e-06   4.5014e+05
9.5000e-01   1.9997e-06   4.7507e+05
1.0000e+00   1.9999e-06   5.0003e+05
1.0500e+00   1.9996e-06   5.2511e+05
1.1000e+00   1.9998e-06   5.5006e+05
1.1500e+00   1.9996e-06   5.7512e+05
1.2000e+00   1.9999e-06   6.0003e+05
1.2500e+00   1.9996e-06   6.2513e+05
1.3000e+00   1.9997e-06   6.5010e+05
1.3500e+00   1.9997e-06   6.7510e+05
1.4000e+00   1.9997e-06   7.0011e+05
1.4500e+00   1.9997e-06   7.2511e+05
1.5000e+00   1.9996e-06   7.5015e+05
1.5500e+00   2.0000e-06   7.7500e+05
1.6000e+00   1.9997e-06   8.0012e+05
1.6500e+00   1.9997e-06   8.2512e+05
1.7000e+00   1.9996e-06   8.5017e+05
1.7500e+00   1.9996e-06   8.7518e+05
1.8000e+00   1.9996e-06   9.0018e+05
1.8500e+00   1.9999e-06   9.2505e+05
1.9000e+00   1.9997e-06   9.5014e+05
1.9500e+00   1.9997e-06   9.7515e+05
2.0000e+00   1.9996e-06   1.0002e+06
2.0500e+00   1.9996e-06   1.0252e+06
2.1000e+00   1.9995e-06   1.0503e+06
2.1500e+00   1.9997e-06   1.0752e+06
2.2000e+00   1.9994e-06   1.1003e+06
2.2500e+00   2.0001e-06   1.1249e+06
2.3000e+00   1.9997e-06   1.1502e+06
2.3500e+00   1.9996e-06   1.1752e+06
2.4000e+00   1.9997e-06   1.2002e+06
2.4500e+00   1.9997e-06   1.2252e+06
2.5000e+00   1.9998e-06   1.2501e+06
2.5500e+00   1.9997e-06   1.2752e+06
2.6000e+00   1.9997e-06   1.3002e+06
2.6500e+00   1.9997e-06   1.3252e+06
2.7000e+00   2.0000e-06   1.3500e+06
2.7500e+00   1.9997e-06   1.3752e+06
2.8000e+00   1.9996e-06   1.4003e+06
2.8500e+00   1.9997e-06   1.4252e+06
2.9000e+00   2.0000e-06   1.4500e+06
2.9500e+00   1.9999e-06   1.4751e+06
3.0000e+00   1.9996e-06   1.5003e+06
3.0000e+00   1.9998e-06   1.5002e+06
2.9500e+00   1.9998e-06   1.4751e+06
2.9000e+00   1.9996e-06   1.4503e+06
2.8500e+00   1.9994e-06   1.4254e+06
2.8000e+00   1.9997e-06   1.4002e+06
2.7500e+00   1.9994e-06   1.3754e+06
2.7000e+00   1.9996e-06   1.3503e+06
2.6500e+00   1.9999e-06   1.3251e+06
2.6000e+00   1.9997e-06   1.3002e+06
2.5500e+00   1.9997e-06   1.2752e+06
2.5000e+00   1.9997e-06   1.2502e+06
2.4500e+00   1.9997e-06   1.2252e+06
2.4000e+00   1.9996e-06   1.2002e+06
2.3500e+00   1.9997e-06   1.1752e+06
2.3000e+00   1.9996e-06   1.1502e+06
2.2500e+00   1.9996e-06   1.1252e+06
2.2000e+00   1.9999e-06   1.1001e+06
2.1500e+00   1.9997e-06   1.0752e+06
2.1000e+00   1.9995e-06   1.0503e+06
2.0500e+00   1.9999e-06   1.0251e+06
2.0000e+00   1.9997e-06   1.0002e+06
1.9500e+00   1.9999e-06   9.7505e+05
1.9000e+00   1.9997e-06   9.5014e+05
1.8500e+00   1.9996e-06   9.2519e+05
1.8000e+00   1.9996e-06   9.0018e+05
1.7500e+00   1.9997e-06   8.7513e+05
1.7000e+00   1.9999e-06   8.5004e+05
1.6500e+00   1.9999e-06   8.2504e+05
1.6000e+00   1.9999e-06   8.0004e+05
1.5500e+00   1.9997e-06   7.7512e+05
1.5000e+00   1.9996e-06   7.5015e+05
1.4500e+00   1.9998e-06   7.2507e+05
1.4000e+00   1.9997e-06   7.0011e+05
1.3500e+00   1.9997e-06   6.7510e+05
1.3000e+00   1.9996e-06   6.5013e+05
1.2500e+00   1.9996e-06   6.2513e+05
1.2000e+00   1.9996e-06   6.0012e+05
1.1500e+00   1.9994e-06   5.7517e+05
1.1000e+00   1.9995e-06   5.5014e+05
1.0500e+00   1.9997e-06   5.2508e+05
1.0000e+00   1.9997e-06   5.0008e+05
9.5000e-01   1.9998e-06   4.7505e+05
9.0000e-01   1.9994e-06   4.5014e+05
8.5000e-01   1.9997e-06   4.2506e+05
8.0000e-01   1.9998e-06   4.0004e+05
7.5000e-01   1.9995e-06   3.7509e+05
7.0000e-01   1.9999e-06   3.5002e+05
6.5000e-01   1.9996e-06   3.2507e+05
6.0000e-01   1.9999e-06   3.0002e+05
5.5000e-01   1.9996e-06   2.7506e+05
5.0000e-01   1.9997e-06   2.5004e+05
4.5000e-01   1.9998e-06   2.2502e+05
4.0000e-01   1.9997e-06   2.0003e+05
3.5000e-01   1.9996e-06   1.7504e+05
3.0000e-01   1.9997e-06   1.5002e+05
2.5000e-01   1.9996e-06   1.2503e+05
2.0000e-01   2.0002e-06   9.9990e+04
1.5000e-01   1.6740e-06   8.9606e+04
1.0000e-01   1.1237e-06   8.8992e+04
5.0000e-02   5.5518e-07   9.0061e+04
0.0000e+00   2.6391e-09   0.0000e+00
