  Measurement Number     Measurement type
                  18                DC IV

      Measurement ID             SeriesID
       739603.498568                   91

         MeasureMode                Bias1                Bias2
                   2                   20                  -20

                Step  Positive compliance  Negative compliance
                 0.2                 0.01                 0.01

  RealMeasuredPoints
                 404

        Bias        Current     Resistance
0.0000e+00   5.1038e-09   0.0000e+00
2.0000e-01   1.0958e-06   1.8252e+05
4.0000e-01   2.1935e-06   1.8236e+05
6.0000e-01   3.3034e-06   1.8163e+05
8.0000e-01   4.4261e-06   1.8075e+05
1.0000e+00   5.5622e-06   1.7978e+05
1.2000e+00   6.7075e-06   1.7890e+05
1.4000e+00   7.8679e-06   1.7794e+05
1.6000e+00   9.0415e-06   1.7696e+05
1.8000e+00   1.0225e-05   1.7604e+05
2.0000e+00   1.1424e-05   1.7507e+05
2.2000e+00   1.2630e-05   1.7419e+05
2.4000e+00   1.3852e-05   1.7326e+05
2.6000e+00   1.5088e-05   1.7232e+05
2.8000e+00   1.6332e-05   1.7144e+05
3.0000e+00   1.7586e-05   1.7059e+05
3.2000e+00   1.8860e-05   1.6967e+05
3.4000e+00   2.0144e-05   1.6878e+05
3.6000e+00   2.1436e-05   1.6794e+05
3.8000e+00   2.2754e-05   1.6700e+05
4.0000e+00   2.4072e-05   1.6617e+05
4.2000e+00   2.5406e-05   1.6532e+05
4.4000e+00   2.6762e-05   1.6441e+05
4.6000e+00   2.8118e-05   1.6360e+05
4.8000e+00   2.9506e-05   1.6268e+05
5.0000e+00   3.0910e-05   1.6176e+05
5.2000e+00   3.2322e-05   1.6088e+05
5.4000e+00   3.3750e-05   1.6000e+05
5.6000e+00   3.5188e-05   1.5915e+05
5.8000e+00   3.6654e-05   1.5824e+05
6.0000e+00   3.8130e-05   1.5736e+05
6.2000e+00   3.9626e-05   1.5646e+05
6.4000e+00   4.1142e-05   1.5556e+05
6.6000e+00   4.2668e-05   1.5468e+05
6.8000e+00   4.4222e-05   1.5377e+05
7.0000e+00   4.5802e-05   1.5283e+05
7.2000e+00   4.7396e-05   1.5191e+05
7.4000e+00   4.9076e-05   1.5079e+05
7.6000e+00   5.0712e-05   1.4987e+05
7.8000e+00   5.2372e-05   1.4893e+05
8.0000e+00   5.4054e-05   1.4800e+05
8.2000e+00   5.5770e-05   1.4703e+05
8.4000e+00   5.7486e-05   1.4612e+05
8.6000e+00   5.9238e-05   1.4518e+05
8.8000e+00   6.1030e-05   1.4419e+05
9.0000e+00   6.2822e-05   1.4326e+05
9.2000e+00   6.4656e-05   1.4229e+05
9.4000e+00   6.6510e-05   1.4133e+05
9.6000e+00   6.8408e-05   1.4033e+05
9.8000e+00   7.0318e-05   1.3937e+05
1.0000e+01   7.2268e-05   1.3837e+05
1.0200e+01   7.4250e-05   1.3737e+05
1.0400e+01   7.6258e-05   1.3638e+05
1.0600e+01   7.8288e-05   1.3540e+05
1.0800e+01   8.0356e-05   1.3440e+05
1.1000e+01   8.2462e-05   1.3339e+05
1.1200e+01   8.4596e-05   1.3239e+05
1.1400e+01   8.6764e-05   1.3139e+05
1.1600e+01   8.8984e-05   1.3036e+05
1.1800e+01   9.1236e-05   1.2933e+05
1.2000e+01   9.3500e-05   1.2834e+05
1.2200e+01   9.5828e-05   1.2731e+05
1.2400e+01   9.8208e-05   1.2626e+05
1.2600e+01   1.0061e-04   1.2524e+05
1.2800e+01   1.0308e-04   1.2418e+05
1.3000e+01   1.0580e-04   1.2287e+05
1.3200e+01   1.0838e-04   1.2180e+05
1.3400e+01   1.1099e-04   1.2073e+05
1.3600e+01   1.1358e-04   1.1974e+05
1.3800e+01   1.1626e-04   1.1870e+05
1.4000e+01   1.1902e-04   1.1763e+05
1.4200e+01   1.2180e-04   1.1658e+05
1.4400e+01   1.2470e-04   1.1548e+05
1.4600e+01   1.2764e-04   1.1438e+05
1.4800e+01   1.3060e-04   1.1332e+05
1.5000e+01   1.3366e-04   1.1223e+05
1.5200e+01   1.3680e-04   1.1111e+05
1.5400e+01   1.3996e-04   1.1003e+05
1.5600e+01   1.4324e-04   1.0891e+05
1.5800e+01   1.4662e-04   1.0776e+05
1.6000e+01   1.5004e-04   1.0664e+05
1.6200e+01   1.5356e-04   1.0550e+05
1.6400e+01   1.5714e-04   1.0437e+05
1.6600e+01   1.6084e-04   1.0321e+05
1.6800e+01   1.6464e-04   1.0204e+05
1.7000e+01   1.6850e-04   1.0089e+05
1.7200e+01   1.7252e-04   9.9699e+04
1.7400e+01   1.7668e-04   9.8483e+04
1.7600e+01   1.8090e-04   9.7291e+04
1.7800e+01   1.8540e-04   9.6009e+04
1.8000e+01   1.9002e-04   9.4727e+04
1.8200e+01   1.9490e-04   9.3381e+04
1.8400e+01   3.3812e-04   5.4419e+04
1.8600e+01   3.5148e-04   5.2919e+04
1.8800e+01   3.6158e-04   5.1994e+04
1.9000e+01   3.7226e-04   5.1040e+04
1.9200e+01   3.8274e-04   5.0165e+04
1.9400e+01   3.9382e-04   4.9261e+04
1.9600e+01   4.0646e-04   4.8221e+04
1.9800e+01   4.1862e-04   4.7298e+04
2.0000e+01   4.3284e-04   4.6206e+04
2.0000e+01   4.3338e-04   4.6149e+04
1.9800e+01   4.2140e-04   4.6986e+04
1.9600e+01   4.0978e-04   4.7831e+04
1.9400e+01   3.9838e-04   4.8697e+04
1.9200e+01   3.8714e-04   4.9594e+04
1.9000e+01   3.7668e-04   5.0441e+04
1.8800e+01   3.6644e-04   5.1304e+04
1.8600e+01   3.5642e-04   5.2186e+04
1.8400e+01   3.4674e-04   5.3066e+04
1.8200e+01   3.3736e-04   5.3948e+04
1.8000e+01   3.2828e-04   5.4831e+04
1.7800e+01   3.1942e-04   5.5726e+04
1.7600e+01   3.1100e-04   5.6592e+04
1.7400e+01   3.0280e-04   5.7464e+04
1.7200e+01   2.9492e-04   5.8321e+04
1.7000e+01   2.8634e-04   5.9370e+04
1.6800e+01   2.7882e-04   6.0254e+04
1.6600e+01   2.7136e-04   6.1173e+04
1.6400e+01   2.6414e-04   6.2088e+04
1.6200e+01   2.5720e-04   6.2986e+04
1.6000e+01   2.5044e-04   6.3888e+04
1.5800e+01   2.4368e-04   6.4839e+04
1.5600e+01   2.3732e-04   6.5734e+04
1.5400e+01   2.3110e-04   6.6638e+04
1.5200e+01   2.2498e-04   6.7562e+04
1.5000e+01   2.1884e-04   6.8543e+04
1.4800e+01   2.1300e-04   6.9484e+04
1.4600e+01   2.0722e-04   7.0457e+04
1.4400e+01   2.0150e-04   7.1464e+04
1.4200e+01   1.9488e-04   7.2865e+04
1.4000e+01   1.8954e-04   7.3863e+04
1.3800e+01   1.8438e-04   7.4845e+04
1.3600e+01   1.7932e-04   7.5842e+04
1.3400e+01   1.7410e-04   7.6967e+04
1.3200e+01   1.6918e-04   7.8023e+04
1.3000e+01   1.6446e-04   7.9047e+04
1.2800e+01   1.5988e-04   8.0060e+04
1.2600e+01   1.5534e-04   8.1112e+04
1.2400e+01   1.5084e-04   8.2206e+04
1.2200e+01   1.4620e-04   8.3447e+04
1.2000e+01   1.4190e-04   8.4567e+04
1.1800e+01   1.3774e-04   8.5669e+04
1.1600e+01   1.3346e-04   8.6917e+04
1.1400e+01   1.2922e-04   8.8222e+04
1.1200e+01   1.2516e-04   8.9485e+04
1.1000e+01   1.2060e-04   9.1211e+04
1.0800e+01   1.1648e-04   9.2720e+04
1.0600e+01   1.1230e-04   9.4390e+04
1.0400e+01   1.0816e-04   9.6154e+04
1.0200e+01   1.0382e-04   9.8247e+04
1.0000e+01   9.9210e-05   1.0080e+05
9.8000e+00   9.3856e-05   1.0442e+05
9.6000e+00   6.8494e-05   1.4016e+05
9.4000e+00   6.6588e-05   1.4117e+05
9.2000e+00   6.4730e-05   1.4213e+05
9.0000e+00   6.2878e-05   1.4313e+05
8.8000e+00   6.1066e-05   1.4411e+05
8.6000e+00   5.9286e-05   1.4506e+05
8.4000e+00   5.7530e-05   1.4601e+05
8.2000e+00   5.5802e-05   1.4695e+05
8.0000e+00   5.4086e-05   1.4791e+05
7.8000e+00   5.2408e-05   1.4883e+05
7.6000e+00   5.0754e-05   1.4974e+05
7.4000e+00   4.9110e-05   1.5068e+05
7.2000e+00   4.7498e-05   1.5159e+05
7.0000e+00   4.5892e-05   1.5253e+05
6.8000e+00   4.4318e-05   1.5344e+05
6.6000e+00   4.2762e-05   1.5434e+05
6.4000e+00   4.1220e-05   1.5526e+05
6.2000e+00   3.9698e-05   1.5618e+05
6.0000e+00   3.8202e-05   1.5706e+05
5.8000e+00   3.6720e-05   1.5795e+05
5.6000e+00   3.5250e-05   1.5887e+05
5.4000e+00   3.3808e-05   1.5973e+05
5.2000e+00   3.2376e-05   1.6061e+05
5.0000e+00   3.0968e-05   1.6146e+05
4.8000e+00   2.9564e-05   1.6236e+05
4.6000e+00   2.8180e-05   1.6324e+05
4.4000e+00   2.6808e-05   1.6413e+05
4.2000e+00   2.5458e-05   1.6498e+05
4.0000e+00   2.4118e-05   1.6585e+05
3.8000e+00   2.2758e-05   1.6697e+05
3.6000e+00   2.1448e-05   1.6785e+05
3.4000e+00   2.0156e-05   1.6868e+05
3.2000e+00   1.8868e-05   1.6960e+05
3.0000e+00   1.7604e-05   1.7042e+05
2.8000e+00   1.6344e-05   1.7132e+05
2.6000e+00   1.5100e-05   1.7219e+05
2.4000e+00   1.3868e-05   1.7306e+05
2.2000e+00   1.2644e-05   1.7400e+05
2.0000e+00   1.1432e-05   1.7495e+05
1.8000e+00   1.0238e-05   1.7582e+05
1.6000e+00   9.0488e-06   1.7682e+05
1.4000e+00   7.8778e-06   1.7771e+05
1.2000e+00   6.7157e-06   1.7869e+05
1.0000e+00   5.5676e-06   1.7961e+05
8.0000e-01   4.4323e-06   1.8049e+05
6.0000e-01   3.3070e-06   1.8143e+05
4.0000e-01   2.1943e-06   1.8229e+05
2.0000e-01   1.0932e-06   1.8295e+05
0.0000e+00   3.6682e-09   0.0000e+00
0.0000e+00   5.0341e-09   0.0000e+00
-2.0000e-01   -1.0841e-06   1.8449e+05
-4.0000e-01   -2.1810e-06   1.8340e+05
-6.0000e-01   -3.2929e-06   1.8221e+05
-8.0000e-01   -4.4113e-06   1.8135e+05
-1.0000e+00   -5.5438e-06   1.8038e+05
-1.2000e+00   -6.6899e-06   1.7937e+05
-1.4000e+00   -7.8489e-06   1.7837e+05
-1.6000e+00   -9.0162e-06   1.7746e+05
-1.8000e+00   -1.0201e-05   1.7646e+05
-2.0000e+00   -1.1396e-05   1.7550e+05
-2.2000e+00   -1.2604e-05   1.7455e+05
-2.4000e+00   -1.3828e-05   1.7356e+05
-2.6000e+00   -1.5058e-05   1.7267e+05
-2.8000e+00   -1.6302e-05   1.7176e+05
-3.0000e+00   -1.7564e-05   1.7080e+05
-3.2000e+00   -1.8828e-05   1.6996e+05
-3.4000e+00   -2.0110e-05   1.6907e+05
-3.6000e+00   -2.1408e-05   1.6816e+05
-3.8000e+00   -2.2720e-05   1.6725e+05
-4.0000e+00   -2.4040e-05   1.6639e+05
-4.2000e+00   -2.5376e-05   1.6551e+05
-4.4000e+00   -2.6726e-05   1.6463e+05
-4.6000e+00   -2.8092e-05   1.6375e+05
-4.8000e+00   -2.9472e-05   1.6287e+05
-5.0000e+00   -3.0868e-05   1.6198e+05
-5.2000e+00   -3.2280e-05   1.6109e+05
-5.4000e+00   -3.3708e-05   1.6020e+05
-5.6000e+00   -3.5152e-05   1.5931e+05
-5.8000e+00   -3.6612e-05   1.5842e+05
-6.0000e+00   -3.8100e-05   1.5748e+05
-6.2000e+00   -3.9596e-05   1.5658e+05
-6.4000e+00   -4.1108e-05   1.5569e+05
-6.6000e+00   -4.2644e-05   1.5477e+05
-6.8000e+00   -4.4198e-05   1.5385e+05
-7.0000e+00   -4.5836e-05   1.5272e+05
-7.2000e+00   -4.7426e-05   1.5182e+05
-7.4000e+00   -4.9052e-05   1.5086e+05
-7.6000e+00   -5.0698e-05   1.4991e+05
-7.8000e+00   -5.2364e-05   1.4896e+05
-8.0000e+00   -5.4036e-05   1.4805e+05
-8.2000e+00   -5.5742e-05   1.4711e+05
-8.4000e+00   -5.7484e-05   1.4613e+05
-8.6000e+00   -5.9236e-05   1.4518e+05
-8.8000e+00   -6.1016e-05   1.4422e+05
-9.0000e+00   -6.2818e-05   1.4327e+05
-9.2000e+00   -6.4648e-05   1.4231e+05
-9.4000e+00   -6.6508e-05   1.4134e+05
-9.6000e+00   -6.8404e-05   1.4034e+05
-9.8000e+00   -7.0320e-05   1.3936e+05
-1.0000e+01   -7.2270e-05   1.3837e+05
-1.0200e+01   -7.4252e-05   1.3737e+05
-1.0400e+01   -7.6268e-05   1.3636e+05
-1.0600e+01   -7.8304e-05   1.3537e+05
-1.0800e+01   -8.0376e-05   1.3437e+05
-1.1000e+01   -8.2474e-05   1.3338e+05
-1.1200e+01   -8.4606e-05   1.3238e+05
-1.1400e+01   -8.6766e-05   1.3139e+05
-1.1600e+01   -8.8970e-05   1.3038e+05
-1.1800e+01   -9.1222e-05   1.2935e+05
-1.2000e+01   -9.3500e-05   1.2834e+05
-1.2200e+01   -9.5844e-05   1.2729e+05
-1.2400e+01   -9.8194e-05   1.2628e+05
-1.2600e+01   -1.0060e-04   1.2525e+05
-1.2800e+01   -1.0306e-04   1.2420e+05
-1.3000e+01   -1.0555e-04   1.2316e+05
-1.3200e+01   -1.0837e-04   1.2180e+05
-1.3400e+01   -1.1098e-04   1.2074e+05
-1.3600e+01   -1.1366e-04   1.1966e+05
-1.3800e+01   -1.1642e-04   1.1854e+05
-1.4000e+01   -1.1916e-04   1.1749e+05
-1.4200e+01   -1.2196e-04   1.1643e+05
-1.4400e+01   -1.2482e-04   1.1537e+05
-1.4600e+01   -1.2776e-04   1.1428e+05
-1.4800e+01   -1.3074e-04   1.1320e+05
-1.5000e+01   -1.3382e-04   1.1209e+05
-1.5200e+01   -1.3694e-04   1.1100e+05
-1.5400e+01   -1.4014e-04   1.0989e+05
-1.5600e+01   -1.4340e-04   1.0879e+05
-1.5800e+01   -1.4672e-04   1.0769e+05
-1.6000e+01   -1.5018e-04   1.0654e+05
-1.6200e+01   -1.5368e-04   1.0541e+05
-1.6400e+01   -1.5724e-04   1.0430e+05
-1.6600e+01   -1.6092e-04   1.0316e+05
-1.6800e+01   -1.6470e-04   1.0200e+05
-1.7000e+01   -1.6860e-04   1.0083e+05
-1.7200e+01   -1.7256e-04   9.9675e+04
-1.7400e+01   -1.7670e-04   9.8472e+04
-1.7600e+01   -1.8092e-04   9.7281e+04
-1.7800e+01   -1.8530e-04   9.6060e+04
-1.8000e+01   -1.8984e-04   9.4817e+04
-1.8200e+01   -1.9464e-04   9.3506e+04
-1.8400e+01   -1.9970e-04   9.2138e+04
-1.8600e+01   -3.5238e-04   5.2784e+04
-1.8800e+01   -3.6522e-04   5.1476e+04
-1.9000e+01   -3.7542e-04   5.0610e+04
-1.9200e+01   -3.8606e-04   4.9733e+04
-1.9400e+01   -3.9728e-04   4.8832e+04
-1.9600e+01   -4.0852e-04   4.7978e+04
-1.9800e+01   -4.1984e-04   4.7161e+04
-2.0000e+01   -4.3118e-04   4.6384e+04
-2.0000e+01   -4.3026e-04   4.6484e+04
-1.9800e+01   -4.1802e-04   4.7366e+04
-1.9600e+01   -4.0624e-04   4.8247e+04
-1.9400e+01   -3.9472e-04   4.9149e+04
-1.9200e+01   -3.8368e-04   5.0042e+04
-1.9000e+01   -3.7312e-04   5.0922e+04
-1.8800e+01   -3.6292e-04   5.1802e+04
-1.8600e+01   -3.5310e-04   5.2676e+04
-1.8400e+01   -3.4358e-04   5.3554e+04
-1.8200e+01   -3.3432e-04   5.4439e+04
-1.8000e+01   -3.2534e-04   5.5327e+04
-1.7800e+01   -3.1660e-04   5.6222e+04
-1.7600e+01   -3.0808e-04   5.7128e+04
-1.7400e+01   -3.0006e-04   5.7988e+04
-1.7200e+01   -2.9140e-04   5.9025e+04
-1.7000e+01   -2.8376e-04   5.9910e+04
-1.6800e+01   -2.7634e-04   6.0795e+04
-1.6600e+01   -2.6912e-04   6.1683e+04
-1.6400e+01   -2.6208e-04   6.2576e+04
-1.6200e+01   -2.5510e-04   6.3505e+04
-1.6000e+01   -2.4826e-04   6.4449e+04
-1.5800e+01   -2.4172e-04   6.5365e+04
-1.5600e+01   -2.3542e-04   6.6265e+04
-1.5400e+01   -2.2930e-04   6.7161e+04
-1.5200e+01   -2.2322e-04   6.8094e+04
-1.5000e+01   -2.1710e-04   6.9093e+04
-1.4800e+01   -2.1116e-04   7.0089e+04
-1.4600e+01   -2.0546e-04   7.1060e+04
-1.4400e+01   -1.9860e-04   7.2508e+04
-1.4200e+01   -1.9332e-04   7.3453e+04
-1.4000e+01   -1.8814e-04   7.4413e+04
-1.3800e+01   -1.8290e-04   7.5451e+04
-1.3600e+01   -1.7794e-04   7.6430e+04
-1.3400e+01   -1.7314e-04   7.7394e+04
-1.3200e+01   -1.6844e-04   7.8366e+04
-1.3000e+01   -1.6360e-04   7.9462e+04
-1.2800e+01   -1.5906e-04   8.0473e+04
-1.2600e+01   -1.5450e-04   8.1553e+04
-1.2400e+01   -1.5006e-04   8.2634e+04
-1.2200e+01   -1.4572e-04   8.3722e+04
-1.2000e+01   -1.4144e-04   8.4842e+04
-1.1800e+01   -1.3716e-04   8.6031e+04
-1.1600e+01   -1.3300e-04   8.7218e+04
-1.1400e+01   -1.2882e-04   8.8496e+04
-1.1200e+01   -1.2480e-04   8.9744e+04
-1.1000e+01   -1.2046e-04   9.1317e+04
-1.0800e+01   -1.1662e-04   9.2608e+04
-1.0600e+01   -1.1268e-04   9.4072e+04
-1.0400e+01   -1.0832e-04   9.6012e+04
-1.0200e+01   -1.0412e-04   9.7964e+04
-1.0000e+01   -9.9960e-05   1.0004e+05
-9.8000e+00   -9.5394e-05   1.0273e+05
-9.6000e+00   -6.8466e-05   1.4022e+05
-9.4000e+00   -6.6570e-05   1.4120e+05
-9.2000e+00   -6.4710e-05   1.4217e+05
-9.0000e+00   -6.2880e-05   1.4313e+05
-8.8000e+00   -6.1060e-05   1.4412e+05
-8.6000e+00   -5.9266e-05   1.4511e+05
-8.4000e+00   -5.7512e-05   1.4606e+05
-8.2000e+00   -5.5782e-05   1.4700e+05
-8.0000e+00   -5.4076e-05   1.4794e+05
-7.8000e+00   -5.2390e-05   1.4888e+05
-7.6000e+00   -5.0730e-05   1.4981e+05
-7.4000e+00   -4.9082e-05   1.5077e+05
-7.2000e+00   -4.7466e-05   1.5169e+05
-7.0000e+00   -4.5866e-05   1.5262e+05
-6.8000e+00   -4.4292e-05   1.5353e+05
-6.6000e+00   -4.2730e-05   1.5446e+05
-6.4000e+00   -4.1196e-05   1.5535e+05
-6.2000e+00   -3.9674e-05   1.5627e+05
-6.0000e+00   -3.8176e-05   1.5717e+05
-5.8000e+00   -3.6688e-05   1.5809e+05
-5.6000e+00   -3.5224e-05   1.5898e+05
-5.4000e+00   -3.3778e-05   1.5987e+05
-5.2000e+00   -3.2342e-05   1.6078e+05
-5.0000e+00   -3.0932e-05   1.6164e+05
-4.8000e+00   -2.9534e-05   1.6252e+05
-4.6000e+00   -2.8148e-05   1.6342e+05
-4.4000e+00   -2.6780e-05   1.6430e+05
-4.2000e+00   -2.5428e-05   1.6517e+05
-4.0000e+00   -2.4056e-05   1.6628e+05
-3.8000e+00   -2.2734e-05   1.6715e+05
-3.6000e+00   -2.1420e-05   1.6807e+05
-3.4000e+00   -2.0128e-05   1.6892e+05
-3.2000e+00   -1.8846e-05   1.6980e+05
-3.0000e+00   -1.7574e-05   1.7071e+05
-2.8000e+00   -1.6318e-05   1.7159e+05
-2.6000e+00   -1.5068e-05   1.7255e+05
-2.4000e+00   -1.3838e-05   1.7344e+05
-2.2000e+00   -1.2608e-05   1.7449e+05
-2.0000e+00   -1.1406e-05   1.7535e+05
-1.8000e+00   -1.0214e-05   1.7623e+05
-1.6000e+00   -9.0298e-06   1.7719e+05
-1.4000e+00   -7.8566e-06   1.7819e+05
-1.2000e+00   -6.6940e-06   1.7927e+05
-1.0000e+00   -5.5478e-06   1.8025e+05
-8.0000e-01   -4.4135e-06   1.8126e+05
-6.0000e-01   -3.2932e-06   1.8219e+05
-4.0000e-01   -2.1803e-06   1.8346e+05
-2.0000e-01   -1.0815e-06   1.8493e+05
0.0000e+00   6.7619e-09   0.0000e+00
