  Measurement Number     Measurement type
                  23                DC IV

      Measurement ID             SeriesID
       739603.499299                   13

         MeasureMode                Bias1                Bias2
                   2                   20                  -20

                Step  Positive compliance  Negative compliance
                 0.2                 0.01                 0.01

  RealMeasuredPoints
                 404

        Bias        Current     Resistance
0.0000e+00   5.1366e-09   0.0000e+00
2.0000e-01   1.0911e-06   1.8329e+05
4.0000e-01   2.1838e-06   1.8317e+05
6.0000e-01   3.2871e-06   1.8253e+05
8.0000e-01   4.4039e-06   1.8166e+05
1.0000e+00   5.5336e-06   1.8071e+05
1.2000e+00   6.6753e-06   1.7977e+05
1.4000e+00   7.8333e-06   1.7872e+05
1.6000e+00   8.9992e-06   1.7779e+05
1.8000e+00   1.0180e-05   1.7682e+05
2.0000e+00   1.1366e-05   1.7596e+05
2.2000e+00   1.2576e-05   1.7494e+05
2.4000e+00   1.3794e-05   1.7399e+05
2.6000e+00   1.5026e-05   1.7303e+05
2.8000e+00   1.6270e-05   1.7210e+05
3.0000e+00   1.7524e-05   1.7119e+05
3.2000e+00   1.8786e-05   1.7034e+05
3.4000e+00   2.0068e-05   1.6942e+05
3.6000e+00   2.1364e-05   1.6851e+05
3.8000e+00   2.2676e-05   1.6758e+05
4.0000e+00   2.3992e-05   1.6672e+05
4.2000e+00   2.5324e-05   1.6585e+05
4.4000e+00   2.6674e-05   1.6495e+05
4.6000e+00   2.8028e-05   1.6412e+05
4.8000e+00   2.9414e-05   1.6319e+05
5.0000e+00   3.0806e-05   1.6231e+05
5.2000e+00   3.2214e-05   1.6142e+05
5.4000e+00   3.3638e-05   1.6053e+05
5.6000e+00   3.5084e-05   1.5962e+05
5.8000e+00   3.6546e-05   1.5870e+05
6.0000e+00   3.8024e-05   1.5780e+05
6.2000e+00   3.9520e-05   1.5688e+05
6.4000e+00   4.1032e-05   1.5598e+05
6.6000e+00   4.2562e-05   1.5507e+05
6.8000e+00   4.4108e-05   1.5417e+05
7.0000e+00   4.5742e-05   1.5303e+05
7.2000e+00   4.7334e-05   1.5211e+05
7.4000e+00   4.8958e-05   1.5115e+05
7.6000e+00   5.0582e-05   1.5025e+05
7.8000e+00   5.2248e-05   1.4929e+05
8.0000e+00   5.3920e-05   1.4837e+05
8.2000e+00   5.5618e-05   1.4743e+05
8.4000e+00   5.7354e-05   1.4646e+05
8.6000e+00   5.9100e-05   1.4552e+05
8.8000e+00   6.0880e-05   1.4455e+05
9.0000e+00   6.2674e-05   1.4360e+05
9.2000e+00   6.4508e-05   1.4262e+05
9.4000e+00   6.6392e-05   1.4158e+05
9.6000e+00   6.8276e-05   1.4061e+05
9.8000e+00   7.0196e-05   1.3961e+05
1.0000e+01   7.2124e-05   1.3865e+05
1.0200e+01   7.4106e-05   1.3764e+05
1.0400e+01   7.6102e-05   1.3666e+05
1.0600e+01   7.8132e-05   1.3567e+05
1.0800e+01   8.0200e-05   1.3466e+05
1.1000e+01   8.2298e-05   1.3366e+05
1.1200e+01   8.4432e-05   1.3265e+05
1.1400e+01   8.6600e-05   1.3164e+05
1.1600e+01   8.8798e-05   1.3063e+05
1.1800e+01   9.1038e-05   1.2962e+05
1.2000e+01   9.3314e-05   1.2860e+05
1.2200e+01   9.5774e-05   1.2738e+05
1.2400e+01   9.8144e-05   1.2634e+05
1.2600e+01   1.0059e-04   1.2526e+05
1.2800e+01   1.0306e-04   1.2420e+05
1.3000e+01   1.0558e-04   1.2313e+05
1.3200e+01   1.0816e-04   1.2204e+05
1.3400e+01   1.1074e-04   1.2100e+05
1.3600e+01   1.1332e-04   1.2001e+05
1.3800e+01   1.1602e-04   1.1895e+05
1.4000e+01   1.1880e-04   1.1785e+05
1.4200e+01   1.2154e-04   1.1683e+05
1.4400e+01   1.2440e-04   1.1576e+05
1.4600e+01   1.2734e-04   1.1465e+05
1.4800e+01   1.3034e-04   1.1355e+05
1.5000e+01   1.3338e-04   1.1246e+05
1.5200e+01   1.3650e-04   1.1136e+05
1.5400e+01   1.3968e-04   1.1025e+05
1.5600e+01   1.4294e-04   1.0914e+05
1.5800e+01   1.4626e-04   1.0803e+05
1.6000e+01   1.4970e-04   1.0688e+05
1.6200e+01   1.5318e-04   1.0576e+05
1.6400e+01   1.5678e-04   1.0461e+05
1.6600e+01   1.6044e-04   1.0347e+05
1.6800e+01   1.6426e-04   1.0228e+05
1.7000e+01   1.6812e-04   1.0112e+05
1.7200e+01   1.7212e-04   9.9930e+04
1.7400e+01   1.7624e-04   9.8729e+04
1.7600e+01   1.8048e-04   9.7518e+04
1.7800e+01   1.8486e-04   9.6289e+04
1.8000e+01   1.8948e-04   9.4997e+04
1.8200e+01   3.3294e-04   5.4665e+04
1.8400e+01   3.4220e-04   5.3770e+04
1.8600e+01   3.5570e-04   5.2291e+04
1.8800e+01   3.6574e-04   5.1403e+04
1.9000e+01   3.7596e-04   5.0537e+04
1.9200e+01   3.8670e-04   4.9651e+04
1.9400e+01   3.9832e-04   4.8705e+04
1.9600e+01   4.0990e-04   4.7817e+04
1.9800e+01   4.2168e-04   4.6955e+04
2.0000e+01   4.3406e-04   4.6077e+04
2.0000e+01   4.3416e-04   4.6066e+04
1.9800e+01   4.2220e-04   4.6897e+04
1.9600e+01   4.1064e-04   4.7730e+04
1.9400e+01   3.9926e-04   4.8590e+04
1.9200e+01   3.8832e-04   4.9444e+04
1.9000e+01   3.7762e-04   5.0315e+04
1.8800e+01   3.6758e-04   5.1145e+04
1.8600e+01   3.5756e-04   5.2019e+04
1.8400e+01   3.4788e-04   5.2892e+04
1.8200e+01   3.3856e-04   5.3757e+04
1.8000e+01   3.2948e-04   5.4632e+04
1.7800e+01   3.2064e-04   5.5514e+04
1.7600e+01   3.1202e-04   5.6407e+04
1.7400e+01   3.0386e-04   5.7263e+04
1.7200e+01   2.9594e-04   5.8120e+04
1.7000e+01   2.8822e-04   5.8983e+04
1.6800e+01   2.8070e-04   5.9850e+04
1.6600e+01   2.7254e-04   6.0908e+04
1.6400e+01   2.6520e-04   6.1840e+04
1.6200e+01   2.5824e-04   6.2732e+04
1.6000e+01   2.5144e-04   6.3633e+04
1.5800e+01   2.4448e-04   6.4627e+04
1.5600e+01   2.3810e-04   6.5519e+04
1.5400e+01   2.3186e-04   6.6419e+04
1.5200e+01   2.2580e-04   6.7316e+04
1.5000e+01   2.1958e-04   6.8312e+04
1.4800e+01   2.1366e-04   6.9269e+04
1.4600e+01   2.0786e-04   7.0240e+04
1.4400e+01   2.0048e-04   7.1828e+04
1.4200e+01   1.9506e-04   7.2798e+04
1.4000e+01   1.8986e-04   7.3739e+04
1.3800e+01   1.8470e-04   7.4716e+04
1.3600e+01   1.7968e-04   7.5690e+04
1.3400e+01   1.7476e-04   7.6677e+04
1.3200e+01   1.6990e-04   7.7693e+04
1.3000e+01   1.6518e-04   7.8702e+04
1.2800e+01   1.6056e-04   7.9721e+04
1.2600e+01   1.5588e-04   8.0831e+04
1.2400e+01   1.5144e-04   8.1881e+04
1.2200e+01   1.4688e-04   8.3061e+04
1.2000e+01   1.4240e-04   8.4270e+04
1.1800e+01   1.3792e-04   8.5557e+04
1.1600e+01   1.3368e-04   8.6774e+04
1.1400e+01   1.2946e-04   8.8058e+04
1.1200e+01   1.2524e-04   8.9428e+04
1.1000e+01   1.2102e-04   9.0894e+04
1.0800e+01   1.1676e-04   9.2497e+04
1.0600e+01   1.1262e-04   9.4122e+04
1.0400e+01   1.0838e-04   9.5959e+04
1.0200e+01   1.0402e-04   9.8058e+04
1.0000e+01   9.9400e-05   1.0060e+05
9.8000e+00   9.4620e-05   1.0357e+05
9.6000e+00   6.8330e-05   1.4049e+05
9.4000e+00   6.6440e-05   1.4148e+05
9.2000e+00   6.4576e-05   1.4247e+05
9.0000e+00   6.2752e-05   1.4342e+05
8.8000e+00   6.0946e-05   1.4439e+05
8.6000e+00   5.9166e-05   1.4535e+05
8.4000e+00   5.7410e-05   1.4632e+05
8.2000e+00   5.5682e-05   1.4726e+05
8.0000e+00   5.3982e-05   1.4820e+05
7.8000e+00   5.2298e-05   1.4915e+05
7.6000e+00   5.0626e-05   1.5012e+05
7.4000e+00   4.8992e-05   1.5105e+05
7.2000e+00   4.7374e-05   1.5198e+05
7.0000e+00   4.5774e-05   1.5293e+05
6.8000e+00   4.4208e-05   1.5382e+05
6.6000e+00   4.2656e-05   1.5473e+05
6.4000e+00   4.1116e-05   1.5566e+05
6.2000e+00   3.9600e-05   1.5657e+05
6.0000e+00   3.8108e-05   1.5745e+05
5.8000e+00   3.6632e-05   1.5833e+05
5.6000e+00   3.5168e-05   1.5924e+05
5.4000e+00   3.3720e-05   1.6014e+05
5.2000e+00   3.2292e-05   1.6103e+05
5.0000e+00   3.0878e-05   1.6193e+05
4.8000e+00   2.9444e-05   1.6302e+05
4.6000e+00   2.8060e-05   1.6393e+05
4.4000e+00   2.6698e-05   1.6481e+05
4.2000e+00   2.5346e-05   1.6571e+05
4.0000e+00   2.4012e-05   1.6658e+05
3.8000e+00   2.2694e-05   1.6745e+05
3.6000e+00   2.1384e-05   1.6835e+05
3.4000e+00   2.0094e-05   1.6920e+05
3.2000e+00   1.8816e-05   1.7007e+05
3.0000e+00   1.7542e-05   1.7102e+05
2.8000e+00   1.6286e-05   1.7193e+05
2.6000e+00   1.5046e-05   1.7280e+05
2.4000e+00   1.3816e-05   1.7371e+05
2.2000e+00   1.2598e-05   1.7463e+05
2.0000e+00   1.1392e-05   1.7556e+05
1.8000e+00   1.0198e-05   1.7651e+05
1.6000e+00   9.0189e-06   1.7741e+05
1.4000e+00   7.8473e-06   1.7841e+05
1.2000e+00   6.6917e-06   1.7933e+05
1.0000e+00   5.5470e-06   1.8028e+05
8.0000e-01   4.4162e-06   1.8115e+05
6.0000e-01   3.2957e-06   1.8206e+05
4.0000e-01   2.1873e-06   1.8287e+05
2.0000e-01   1.0902e-06   1.8345e+05
0.0000e+00   3.6886e-09   0.0000e+00
0.0000e+00   5.1441e-09   0.0000e+00
-2.0000e-01   -1.0826e-06   1.8474e+05
-4.0000e-01   -2.1738e-06   1.8401e+05
-6.0000e-01   -3.2817e-06   1.8283e+05
-8.0000e-01   -4.3979e-06   1.8191e+05
-1.0000e+00   -5.5266e-06   1.8094e+05
-1.2000e+00   -6.6682e-06   1.7996e+05
-1.4000e+00   -7.8205e-06   1.7902e+05
-1.6000e+00   -8.9891e-06   1.7799e+05
-1.8000e+00   -1.0170e-05   1.7700e+05
-2.0000e+00   -1.1362e-05   1.7603e+05
-2.2000e+00   -1.2566e-05   1.7508e+05
-2.4000e+00   -1.3788e-05   1.7406e+05
-2.6000e+00   -1.5018e-05   1.7313e+05
-2.8000e+00   -1.6256e-05   1.7224e+05
-3.0000e+00   -1.7506e-05   1.7137e+05
-3.2000e+00   -1.8772e-05   1.7047e+05
-3.4000e+00   -2.0054e-05   1.6954e+05
-3.6000e+00   -2.1344e-05   1.6867e+05
-3.8000e+00   -2.2650e-05   1.6777e+05
-4.0000e+00   -2.3966e-05   1.6690e+05
-4.2000e+00   -2.5304e-05   1.6598e+05
-4.4000e+00   -2.6648e-05   1.6512e+05
-4.6000e+00   -2.8010e-05   1.6423e+05
-4.8000e+00   -2.9382e-05   1.6337e+05
-5.0000e+00   -3.0782e-05   1.6243e+05
-5.2000e+00   -3.2186e-05   1.6156e+05
-5.4000e+00   -3.3608e-05   1.6068e+05
-5.6000e+00   -3.5056e-05   1.5974e+05
-5.8000e+00   -3.6516e-05   1.5883e+05
-6.0000e+00   -3.8000e-05   1.5789e+05
-6.2000e+00   -3.9494e-05   1.5699e+05
-6.4000e+00   -4.1014e-05   1.5604e+05
-6.6000e+00   -4.2542e-05   1.5514e+05
-6.8000e+00   -4.4090e-05   1.5423e+05
-7.0000e+00   -4.5660e-05   1.5331e+05
-7.2000e+00   -4.7286e-05   1.5226e+05
-7.4000e+00   -4.8926e-05   1.5125e+05
-7.6000e+00   -5.0568e-05   1.5029e+05
-7.8000e+00   -5.2228e-05   1.4935e+05
-8.0000e+00   -5.3910e-05   1.4840e+05
-8.2000e+00   -5.5602e-05   1.4748e+05
-8.4000e+00   -5.7326e-05   1.4653e+05
-8.6000e+00   -5.9074e-05   1.4558e+05
-8.8000e+00   -6.0850e-05   1.4462e+05
-9.0000e+00   -6.2658e-05   1.4364e+05
-9.2000e+00   -6.4484e-05   1.4267e+05
-9.4000e+00   -6.6352e-05   1.4167e+05
-9.6000e+00   -6.8234e-05   1.4069e+05
-9.8000e+00   -7.0148e-05   1.3970e+05
-1.0000e+01   -7.2088e-05   1.3872e+05
-1.0200e+01   -7.4076e-05   1.3770e+05
-1.0400e+01   -7.6066e-05   1.3672e+05
-1.0600e+01   -7.8102e-05   1.3572e+05
-1.0800e+01   -8.0172e-05   1.3471e+05
-1.1000e+01   -8.2256e-05   1.3373e+05
-1.1200e+01   -8.4384e-05   1.3273e+05
-1.1400e+01   -8.6552e-05   1.3171e+05
-1.1600e+01   -8.8756e-05   1.3070e+05
-1.1800e+01   -9.0990e-05   1.2968e+05
-1.2000e+01   -9.3280e-05   1.2864e+05
-1.2200e+01   -9.5610e-05   1.2760e+05
-1.2400e+01   -9.7970e-05   1.2657e+05
-1.2600e+01   -1.0037e-04   1.2554e+05
-1.2800e+01   -1.0283e-04   1.2448e+05
-1.3000e+01   -1.0556e-04   1.2315e+05
-1.3200e+01   -1.0815e-04   1.2205e+05
-1.3400e+01   -1.1073e-04   1.2101e+05
-1.3600e+01   -1.1348e-04   1.1984e+05
-1.3800e+01   -1.1614e-04   1.1882e+05
-1.4000e+01   -1.1890e-04   1.1775e+05
-1.4200e+01   -1.2168e-04   1.1670e+05
-1.4400e+01   -1.2456e-04   1.1561e+05
-1.4600e+01   -1.2750e-04   1.1451e+05
-1.4800e+01   -1.3046e-04   1.1344e+05
-1.5000e+01   -1.3354e-04   1.1233e+05
-1.5200e+01   -1.3664e-04   1.1124e+05
-1.5400e+01   -1.3986e-04   1.1011e+05
-1.5600e+01   -1.4306e-04   1.0905e+05
-1.5800e+01   -1.4642e-04   1.0791e+05
-1.6000e+01   -1.4984e-04   1.0678e+05
-1.6200e+01   -1.5334e-04   1.0565e+05
-1.6400e+01   -1.5690e-04   1.0453e+05
-1.6600e+01   -1.6060e-04   1.0336e+05
-1.6800e+01   -1.6432e-04   1.0224e+05
-1.7000e+01   -1.6818e-04   1.0108e+05
-1.7200e+01   -1.7216e-04   9.9907e+04
-1.7400e+01   -1.7630e-04   9.8695e+04
-1.7600e+01   -1.8048e-04   9.7518e+04
-1.7800e+01   -1.8490e-04   9.6268e+04
-1.8000e+01   -1.8946e-04   9.5007e+04
-1.8200e+01   -1.9422e-04   9.3708e+04
-1.8400e+01   -1.9930e-04   9.2323e+04
-1.8600e+01   -3.5630e-04   5.2203e+04
-1.8800e+01   -3.6640e-04   5.1310e+04
-1.9000e+01   -3.7668e-04   5.0441e+04
-1.9200e+01   -3.8780e-04   4.9510e+04
-1.9400e+01   -3.9866e-04   4.8663e+04
-1.9600e+01   -4.1010e-04   4.7793e+04
-1.9800e+01   -4.2196e-04   4.6924e+04
-2.0000e+01   -4.3430e-04   4.6051e+04
-2.0000e+01   -4.3450e-04   4.6030e+04
-1.9800e+01   -4.2234e-04   4.6882e+04
-1.9600e+01   -4.1068e-04   4.7726e+04
-1.9400e+01   -3.9940e-04   4.8573e+04
-1.9200e+01   -3.8834e-04   4.9441e+04
-1.9000e+01   -3.7784e-04   5.0286e+04
-1.8800e+01   -3.6750e-04   5.1156e+04
-1.8600e+01   -3.5770e-04   5.1999e+04
-1.8400e+01   -3.4800e-04   5.2874e+04
-1.8200e+01   -3.3862e-04   5.3748e+04
-1.8000e+01   -3.2944e-04   5.4638e+04
-1.7800e+01   -3.2068e-04   5.5507e+04
-1.7600e+01   -3.1206e-04   5.6399e+04
-1.7400e+01   -3.0390e-04   5.7256e+04
-1.7200e+01   -2.9602e-04   5.8104e+04
-1.7000e+01   -2.8836e-04   5.8954e+04
-1.6800e+01   -2.8002e-04   5.9996e+04
-1.6600e+01   -2.7256e-04   6.0904e+04
-1.6400e+01   -2.6544e-04   6.1784e+04
-1.6200e+01   -2.5850e-04   6.2669e+04
-1.6000e+01   -2.5166e-04   6.3578e+04
-1.5800e+01   -2.4486e-04   6.4527e+04
-1.5600e+01   -2.3840e-04   6.5436e+04
-1.5400e+01   -2.3212e-04   6.6345e+04
-1.5200e+01   -2.2608e-04   6.7233e+04
-1.5000e+01   -2.1998e-04   6.8188e+04
-1.4800e+01   -2.1400e-04   6.9159e+04
-1.4600e+01   -2.0622e-04   7.0798e+04
-1.4400e+01   -2.0076e-04   7.1727e+04
-1.4200e+01   -1.9538e-04   7.2679e+04
-1.4000e+01   -1.9010e-04   7.3645e+04
-1.3800e+01   -1.8492e-04   7.4627e+04
-1.3600e+01   -1.7994e-04   7.5581e+04
-1.3400e+01   -1.7484e-04   7.6642e+04
-1.3200e+01   -1.7000e-04   7.7647e+04
-1.3000e+01   -1.6524e-04   7.8673e+04
-1.2800e+01   -1.6068e-04   7.9661e+04
-1.2600e+01   -1.5592e-04   8.0811e+04
-1.2400e+01   -1.5128e-04   8.1967e+04
-1.2200e+01   -1.4666e-04   8.3186e+04
-1.2000e+01   -1.4222e-04   8.4376e+04
-1.1800e+01   -1.3794e-04   8.5544e+04
-1.1600e+01   -1.3354e-04   8.6865e+04
-1.1400e+01   -1.2936e-04   8.8126e+04
-1.1200e+01   -1.2520e-04   8.9457e+04
-1.1000e+01   -1.2090e-04   9.0984e+04
-1.0800e+01   -1.1658e-04   9.2640e+04
-1.0600e+01   -1.1258e-04   9.4155e+04
-1.0400e+01   -1.0844e-04   9.5906e+04
-1.0200e+01   -1.0442e-04   9.7682e+04
-1.0000e+01   -9.9498e-05   1.0050e+05
-9.8000e+00   -9.3980e-05   1.0428e+05
-9.6000e+00   -6.8298e-05   1.4056e+05
-9.4000e+00   -6.6408e-05   1.4155e+05
-9.2000e+00   -6.4552e-05   1.4252e+05
-9.0000e+00   -6.2710e-05   1.4352e+05
-8.8000e+00   -6.0908e-05   1.4448e+05
-8.6000e+00   -5.9126e-05   1.4545e+05
-8.4000e+00   -5.7362e-05   1.4644e+05
-8.2000e+00   -5.5634e-05   1.4739e+05
-8.0000e+00   -5.3928e-05   1.4835e+05
-7.8000e+00   -5.2254e-05   1.4927e+05
-7.6000e+00   -5.0590e-05   1.5023e+05
-7.4000e+00   -4.8948e-05   1.5118e+05
-7.2000e+00   -4.7332e-05   1.5212e+05
-7.0000e+00   -4.5734e-05   1.5306e+05
-6.8000e+00   -4.4162e-05   1.5398e+05
-6.6000e+00   -4.2610e-05   1.5489e+05
-6.4000e+00   -4.1076e-05   1.5581e+05
-6.2000e+00   -3.9562e-05   1.5672e+05
-6.0000e+00   -3.8070e-05   1.5760e+05
-5.8000e+00   -3.6580e-05   1.5856e+05
-5.6000e+00   -3.5118e-05   1.5946e+05
-5.4000e+00   -3.3666e-05   1.6040e+05
-5.2000e+00   -3.2242e-05   1.6128e+05
-5.0000e+00   -3.0830e-05   1.6218e+05
-4.8000e+00   -2.9438e-05   1.6305e+05
-4.6000e+00   -2.8056e-05   1.6396e+05
-4.4000e+00   -2.6650e-05   1.6510e+05
-4.2000e+00   -2.5304e-05   1.6598e+05
-4.0000e+00   -2.3970e-05   1.6688e+05
-3.8000e+00   -2.2644e-05   1.6781e+05
-3.6000e+00   -2.1340e-05   1.6870e+05
-3.4000e+00   -2.0048e-05   1.6959e+05
-3.2000e+00   -1.8770e-05   1.7048e+05
-3.0000e+00   -1.7506e-05   1.7137e+05
-2.8000e+00   -1.6254e-05   1.7227e+05
-2.6000e+00   -1.5012e-05   1.7319e+05
-2.4000e+00   -1.3788e-05   1.7406e+05
-2.2000e+00   -1.2558e-05   1.7519e+05
-2.0000e+00   -1.1356e-05   1.7612e+05
-1.8000e+00   -1.0164e-05   1.7710e+05
-1.6000e+00   -8.9904e-06   1.7797e+05
-1.4000e+00   -7.8227e-06   1.7897e+05
-1.2000e+00   -6.6712e-06   1.7988e+05
-1.0000e+00   -5.5292e-06   1.8086e+05
-8.0000e-01   -4.3997e-06   1.8183e+05
-6.0000e-01   -3.2837e-06   1.8272e+05
-4.0000e-01   -2.1732e-06   1.8406e+05
-2.0000e-01   -1.0789e-06   1.8537e+05
0.0000e+00   6.8455e-09   0.0000e+00
