  Measurement Number     Measurement type
                  28                DC IV

      Measurement ID             SeriesID
       739603.499920                   13

         MeasureMode                Bias1                Bias2
                   2                   20                  -20

                Step  Positive compliance  Negative compliance
                 0.2                 0.01                 0.01

  RealMeasuredPoints
                 404

        Bias        Current     Resistance
0.0000e+00   5.2902e-09   0.0000e+00
2.0000e-01   1.0917e-06   1.8319e+05
4.0000e-01   2.1850e-06   1.8307e+05
6.0000e-01   3.2901e-06   1.8237e+05
8.0000e-01   4.4056e-06   1.8159e+05
1.0000e+00   5.5345e-06   1.8068e+05
1.2000e+00   6.6767e-06   1.7973e+05
1.4000e+00   7.8304e-06   1.7879e+05
1.6000e+00   8.9946e-06   1.7788e+05
1.8000e+00   1.0174e-05   1.7692e+05
2.0000e+00   1.1362e-05   1.7603e+05
2.2000e+00   1.2562e-05   1.7513e+05
2.4000e+00   1.3772e-05   1.7427e+05
2.6000e+00   1.5004e-05   1.7329e+05
2.8000e+00   1.6246e-05   1.7235e+05
3.0000e+00   1.7498e-05   1.7145e+05
3.2000e+00   1.8760e-05   1.7058e+05
3.4000e+00   2.0036e-05   1.6969e+05
3.6000e+00   2.1320e-05   1.6886e+05
3.8000e+00   2.2620e-05   1.6799e+05
4.0000e+00   2.3936e-05   1.6711e+05
4.2000e+00   2.5268e-05   1.6622e+05
4.4000e+00   2.6616e-05   1.6531e+05
4.6000e+00   2.7974e-05   1.6444e+05
4.8000e+00   2.9352e-05   1.6353e+05
5.0000e+00   3.0740e-05   1.6265e+05
5.2000e+00   3.2142e-05   1.6178e+05
5.4000e+00   3.3560e-05   1.6091e+05
5.6000e+00   3.5002e-05   1.5999e+05
5.8000e+00   3.6450e-05   1.5912e+05
6.0000e+00   3.7924e-05   1.5821e+05
6.2000e+00   3.9404e-05   1.5734e+05
6.4000e+00   4.0918e-05   1.5641e+05
6.6000e+00   4.2444e-05   1.5550e+05
6.8000e+00   4.3992e-05   1.5457e+05
7.0000e+00   4.5562e-05   1.5364e+05
7.2000e+00   4.7142e-05   1.5273e+05
7.4000e+00   4.8752e-05   1.5179e+05
7.6000e+00   5.0422e-05   1.5073e+05
7.8000e+00   5.2078e-05   1.4978e+05
8.0000e+00   5.3750e-05   1.4884e+05
8.2000e+00   5.5444e-05   1.4790e+05
8.4000e+00   5.7164e-05   1.4695e+05
8.6000e+00   5.8904e-05   1.4600e+05
8.8000e+00   6.0678e-05   1.4503e+05
9.0000e+00   6.2480e-05   1.4405e+05
9.2000e+00   6.4306e-05   1.4307e+05
9.4000e+00   6.6166e-05   1.4207e+05
9.6000e+00   6.8058e-05   1.4106e+05
9.8000e+00   6.9958e-05   1.4008e+05
1.0000e+01   7.1894e-05   1.3909e+05
1.0200e+01   7.3856e-05   1.3811e+05
1.0400e+01   7.5852e-05   1.3711e+05
1.0600e+01   7.7888e-05   1.3609e+05
1.0800e+01   7.9944e-05   1.3509e+05
1.1000e+01   8.2022e-05   1.3411e+05
1.1200e+01   8.4158e-05   1.3308e+05
1.1400e+01   8.6326e-05   1.3206e+05
1.1600e+01   8.8524e-05   1.3104e+05
1.1800e+01   9.0762e-05   1.3001e+05
1.2000e+01   9.3048e-05   1.2897e+05
1.2200e+01   9.5364e-05   1.2793e+05
1.2400e+01   9.7716e-05   1.2690e+05
1.2600e+01   1.0024e-04   1.2570e+05
1.2800e+01   1.0279e-04   1.2453e+05
1.3000e+01   1.0530e-04   1.2345e+05
1.3200e+01   1.0782e-04   1.2243e+05
1.3400e+01   1.1043e-04   1.2134e+05
1.3600e+01   1.1300e-04   1.2035e+05
1.3800e+01   1.1566e-04   1.1932e+05
1.4000e+01   1.1844e-04   1.1820e+05
1.4200e+01   1.2122e-04   1.1714e+05
1.4400e+01   1.2408e-04   1.1605e+05
1.4600e+01   1.2702e-04   1.1494e+05
1.4800e+01   1.2996e-04   1.1388e+05
1.5000e+01   1.3302e-04   1.1276e+05
1.5200e+01   1.3616e-04   1.1163e+05
1.5400e+01   1.3932e-04   1.1054e+05
1.5600e+01   1.4258e-04   1.0941e+05
1.5800e+01   1.4588e-04   1.0831e+05
1.6000e+01   1.4932e-04   1.0715e+05
1.6200e+01   1.5282e-04   1.0601e+05
1.6400e+01   1.5642e-04   1.0485e+05
1.6600e+01   1.6006e-04   1.0371e+05
1.6800e+01   1.6386e-04   1.0253e+05
1.7000e+01   1.6770e-04   1.0137e+05
1.7200e+01   1.7168e-04   1.0019e+05
1.7400e+01   1.7582e-04   9.8965e+04
1.7600e+01   1.8008e-04   9.7734e+04
1.7800e+01   1.8446e-04   9.6498e+04
1.8000e+01   1.8908e-04   9.5198e+04
1.8200e+01   1.9394e-04   9.3843e+04
1.8400e+01   3.4536e-04   5.3278e+04
1.8600e+01   3.5518e-04   5.2368e+04
1.8800e+01   3.6522e-04   5.1476e+04
1.9000e+01   3.7556e-04   5.0591e+04
1.9200e+01   3.8620e-04   4.9715e+04
1.9400e+01   3.9778e-04   4.8771e+04
1.9600e+01   4.0912e-04   4.7908e+04
1.9800e+01   4.2138e-04   4.6988e+04
2.0000e+01   4.3416e-04   4.6066e+04
2.0000e+01   4.3420e-04   4.6062e+04
1.9800e+01   4.2212e-04   4.6906e+04
1.9600e+01   4.1046e-04   4.7751e+04
1.9400e+01   3.9912e-04   4.8607e+04
1.9200e+01   3.8816e-04   4.9464e+04
1.9000e+01   3.7754e-04   5.0326e+04
1.8800e+01   3.6734e-04   5.1179e+04
1.8600e+01   3.5732e-04   5.2054e+04
1.8400e+01   3.4766e-04   5.2925e+04
1.8200e+01   3.3836e-04   5.3789e+04
1.8000e+01   3.2930e-04   5.4661e+04
1.7800e+01   3.2050e-04   5.5538e+04
1.7600e+01   3.1188e-04   5.6432e+04
1.7400e+01   3.0354e-04   5.7324e+04
1.7200e+01   2.9554e-04   5.8199e+04
1.7000e+01   2.8788e-04   5.9052e+04
1.6800e+01   2.8034e-04   5.9927e+04
1.6600e+01   2.7222e-04   6.0980e+04
1.6400e+01   2.6506e-04   6.1873e+04
1.6200e+01   2.5804e-04   6.2781e+04
1.6000e+01   2.5128e-04   6.3674e+04
1.5800e+01   2.4460e-04   6.4595e+04
1.5600e+01   2.3808e-04   6.5524e+04
1.5400e+01   2.3180e-04   6.6437e+04
1.5200e+01   2.2568e-04   6.7352e+04
1.5000e+01   2.1960e-04   6.8306e+04
1.4800e+01   2.1370e-04   6.9256e+04
1.4600e+01   2.0780e-04   7.0260e+04
1.4400e+01   2.0060e-04   7.1785e+04
1.4200e+01   1.9518e-04   7.2753e+04
1.4000e+01   1.8990e-04   7.3723e+04
1.3800e+01   1.8460e-04   7.4756e+04
1.3600e+01   1.7954e-04   7.5749e+04
1.3400e+01   1.7456e-04   7.6764e+04
1.3200e+01   1.6956e-04   7.7849e+04
1.3000e+01   1.6476e-04   7.8903e+04
1.2800e+01   1.6010e-04   7.9950e+04
1.2600e+01   1.5548e-04   8.1039e+04
1.2400e+01   1.5096e-04   8.2141e+04
1.2200e+01   1.4662e-04   8.3208e+04
1.2000e+01   1.4226e-04   8.4353e+04
1.1800e+01   1.3782e-04   8.5619e+04
1.1600e+01   1.3342e-04   8.6943e+04
1.1400e+01   1.2922e-04   8.8222e+04
1.1200e+01   1.2508e-04   8.9543e+04
1.1000e+01   1.2088e-04   9.0999e+04
1.0800e+01   1.1654e-04   9.2672e+04
1.0600e+01   1.1238e-04   9.4323e+04
1.0400e+01   1.0814e-04   9.6172e+04
1.0200e+01   1.0400e-04   9.8077e+04
1.0000e+01   9.9138e-05   1.0087e+05
9.8000e+00   9.4192e-05   1.0404e+05
9.6000e+00   6.8116e-05   1.4094e+05
9.4000e+00   6.6226e-05   1.4194e+05
9.2000e+00   6.4370e-05   1.4292e+05
9.0000e+00   6.2550e-05   1.4388e+05
8.8000e+00   6.0754e-05   1.4485e+05
8.6000e+00   5.8974e-05   1.4583e+05
8.4000e+00   5.7222e-05   1.4680e+05
8.2000e+00   5.5490e-05   1.4777e+05
8.0000e+00   5.3794e-05   1.4872e+05
7.8000e+00   5.2116e-05   1.4967e+05
7.6000e+00   5.0466e-05   1.5060e+05
7.4000e+00   4.8830e-05   1.5155e+05
7.2000e+00   4.7222e-05   1.5247e+05
7.0000e+00   4.5632e-05   1.5340e+05
6.8000e+00   4.4058e-05   1.5434e+05
6.6000e+00   4.2516e-05   1.5524e+05
6.4000e+00   4.0990e-05   1.5614e+05
6.2000e+00   3.9478e-05   1.5705e+05
6.0000e+00   3.7984e-05   1.5796e+05
5.8000e+00   3.6516e-05   1.5883e+05
5.6000e+00   3.5062e-05   1.5972e+05
5.4000e+00   3.3616e-05   1.6064e+05
5.2000e+00   3.2196e-05   1.6151e+05
5.0000e+00   3.0792e-05   1.6238e+05
4.8000e+00   2.9398e-05   1.6328e+05
4.6000e+00   2.8020e-05   1.6417e+05
4.4000e+00   2.6660e-05   1.6504e+05
4.2000e+00   2.5312e-05   1.6593e+05
4.0000e+00   2.3980e-05   1.6681e+05
3.8000e+00   2.2638e-05   1.6786e+05
3.6000e+00   2.1334e-05   1.6874e+05
3.4000e+00   2.0046e-05   1.6961e+05
3.2000e+00   1.8770e-05   1.7048e+05
3.0000e+00   1.7502e-05   1.7141e+05
2.8000e+00   1.6254e-05   1.7227e+05
2.6000e+00   1.5010e-05   1.7322e+05
2.4000e+00   1.3784e-05   1.7411e+05
2.2000e+00   1.2572e-05   1.7499e+05
2.0000e+00   1.1370e-05   1.7590e+05
1.8000e+00   1.0178e-05   1.7685e+05
1.6000e+00   9.0003e-06   1.7777e+05
1.4000e+00   7.8327e-06   1.7874e+05
1.2000e+00   6.6787e-06   1.7968e+05
1.0000e+00   5.5347e-06   1.8068e+05
8.0000e-01   4.4040e-06   1.8165e+05
6.0000e-01   3.2870e-06   1.8254e+05
4.0000e-01   2.1815e-06   1.8336e+05
2.0000e-01   1.0871e-06   1.8398e+05
0.0000e+00   3.6790e-09   0.0000e+00
0.0000e+00   5.1336e-09   0.0000e+00
-2.0000e-01   -1.0811e-06   1.8500e+05
-4.0000e-01   -2.1730e-06   1.8408e+05
-6.0000e-01   -3.2792e-06   1.8297e+05
-8.0000e-01   -4.3941e-06   1.8206e+05
-1.0000e+00   -5.5216e-06   1.8111e+05
-1.2000e+00   -6.6613e-06   1.8015e+05
-1.4000e+00   -7.8154e-06   1.7913e+05
-1.6000e+00   -8.9763e-06   1.7825e+05
-1.8000e+00   -1.0155e-05   1.7725e+05
-2.0000e+00   -1.1345e-05   1.7630e+05
-2.2000e+00   -1.2544e-05   1.7538e+05
-2.4000e+00   -1.3758e-05   1.7444e+05
-2.6000e+00   -1.4990e-05   1.7345e+05
-2.8000e+00   -1.6226e-05   1.7256e+05
-3.0000e+00   -1.7478e-05   1.7164e+05
-3.2000e+00   -1.8740e-05   1.7076e+05
-3.4000e+00   -2.0016e-05   1.6986e+05
-3.6000e+00   -2.1304e-05   1.6898e+05
-3.8000e+00   -2.2604e-05   1.6811e+05
-4.0000e+00   -2.3926e-05   1.6718e+05
-4.2000e+00   -2.5252e-05   1.6632e+05
-4.4000e+00   -2.6588e-05   1.6549e+05
-4.6000e+00   -2.7948e-05   1.6459e+05
-4.8000e+00   -2.9316e-05   1.6373e+05
-5.0000e+00   -3.0706e-05   1.6283e+05
-5.2000e+00   -3.2114e-05   1.6192e+05
-5.4000e+00   -3.3538e-05   1.6101e+05
-5.6000e+00   -3.4978e-05   1.6010e+05
-5.8000e+00   -3.6434e-05   1.5919e+05
-6.0000e+00   -3.7916e-05   1.5824e+05
-6.2000e+00   -3.9400e-05   1.5736e+05
-6.4000e+00   -4.0916e-05   1.5642e+05
-6.6000e+00   -4.2444e-05   1.5550e+05
-6.8000e+00   -4.3990e-05   1.5458e+05
-7.0000e+00   -4.5556e-05   1.5366e+05
-7.2000e+00   -4.7182e-05   1.5260e+05
-7.4000e+00   -4.8794e-05   1.5166e+05
-7.6000e+00   -5.0426e-05   1.5072e+05
-7.8000e+00   -5.2082e-05   1.4976e+05
-8.0000e+00   -5.3762e-05   1.4880e+05
-8.2000e+00   -5.5450e-05   1.4788e+05
-8.4000e+00   -5.7178e-05   1.4691e+05
-8.6000e+00   -5.8920e-05   1.4596e+05
-8.8000e+00   -6.0698e-05   1.4498e+05
-9.0000e+00   -6.2494e-05   1.4401e+05
-9.2000e+00   -6.4318e-05   1.4304e+05
-9.4000e+00   -6.6172e-05   1.4205e+05
-9.6000e+00   -6.8056e-05   1.4106e+05
-9.8000e+00   -6.9974e-05   1.4005e+05
-1.0000e+01   -7.1908e-05   1.3907e+05
-1.0200e+01   -7.3890e-05   1.3804e+05
-1.0400e+01   -7.5884e-05   1.3705e+05
-1.0600e+01   -7.7912e-05   1.3605e+05
-1.0800e+01   -7.9970e-05   1.3505e+05
-1.1000e+01   -8.2064e-05   1.3404e+05
-1.1200e+01   -8.4186e-05   1.3304e+05
-1.1400e+01   -8.6344e-05   1.3203e+05
-1.1600e+01   -8.8548e-05   1.3100e+05
-1.1800e+01   -9.0786e-05   1.2998e+05
-1.2000e+01   -9.3056e-05   1.2895e+05
-1.2200e+01   -9.5382e-05   1.2791e+05
-1.2400e+01   -9.7728e-05   1.2688e+05
-1.2600e+01   -1.0014e-04   1.2583e+05
-1.2800e+01   -1.0257e-04   1.2480e+05
-1.3000e+01   -1.0532e-04   1.2343e+05
-1.3200e+01   -1.0787e-04   1.2237e+05
-1.3400e+01   -1.1046e-04   1.2131e+05
-1.3600e+01   -1.1310e-04   1.2025e+05
-1.3800e+01   -1.1588e-04   1.1909e+05
-1.4000e+01   -1.1860e-04   1.1804e+05
-1.4200e+01   -1.2140e-04   1.1697e+05
-1.4400e+01   -1.2426e-04   1.1589e+05
-1.4600e+01   -1.2716e-04   1.1482e+05
-1.4800e+01   -1.3018e-04   1.1369e+05
-1.5000e+01   -1.3322e-04   1.1260e+05
-1.5200e+01   -1.3630e-04   1.1152e+05
-1.5400e+01   -1.3950e-04   1.1039e+05
-1.5600e+01   -1.4274e-04   1.0929e+05
-1.5800e+01   -1.4606e-04   1.0817e+05
-1.6000e+01   -1.4948e-04   1.0704e+05
-1.6200e+01   -1.5292e-04   1.0594e+05
-1.6400e+01   -1.5652e-04   1.0478e+05
-1.6600e+01   -1.6020e-04   1.0362e+05
-1.6800e+01   -1.6396e-04   1.0246e+05
-1.7000e+01   -1.6782e-04   1.0130e+05
-1.7200e+01   -1.7180e-04   1.0012e+05
-1.7400e+01   -1.7592e-04   9.8909e+04
-1.7600e+01   -1.8014e-04   9.7702e+04
-1.7800e+01   -1.8452e-04   9.6467e+04
-1.8000e+01   -1.8910e-04   9.5188e+04
-1.8200e+01   -1.9382e-04   9.3902e+04
-1.8400e+01   -1.9890e-04   9.2509e+04
-1.8600e+01   -3.5592e-04   5.2259e+04
-1.8800e+01   -3.6606e-04   5.1358e+04
-1.9000e+01   -3.7648e-04   5.0467e+04
-1.9200e+01   -3.8698e-04   4.9615e+04
-1.9400e+01   -3.9820e-04   4.8719e+04
-1.9600e+01   -4.0956e-04   4.7856e+04
-1.9800e+01   -4.2154e-04   4.6971e+04
-2.0000e+01   -4.3400e-04   4.6083e+04
-2.0000e+01   -4.3392e-04   4.6091e+04
-1.9800e+01   -4.2162e-04   4.6962e+04
-1.9600e+01   -4.0970e-04   4.7840e+04
-1.9400e+01   -3.9818e-04   4.8722e+04
-1.9200e+01   -3.8690e-04   4.9625e+04
-1.9000e+01   -3.7596e-04   5.0537e+04
-1.8800e+01   -3.6552e-04   5.1434e+04
-1.8600e+01   -3.5556e-04   5.2312e+04
-1.8400e+01   -3.4568e-04   5.3228e+04
-1.8200e+01   -3.3622e-04   5.4131e+04
-1.8000e+01   -3.2708e-04   5.5032e+04
-1.7800e+01   -3.1824e-04   5.5933e+04
-1.7600e+01   -3.0986e-04   5.6800e+04
-1.7400e+01   -3.0174e-04   5.7666e+04
-1.7200e+01   -2.9392e-04   5.8519e+04
-1.7000e+01   -2.8632e-04   5.9374e+04
-1.6800e+01   -2.7892e-04   6.0232e+04
-1.6600e+01   -2.7074e-04   6.1313e+04
-1.6400e+01   -2.6352e-04   6.2234e+04
-1.6200e+01   -2.5652e-04   6.3153e+04
-1.6000e+01   -2.4978e-04   6.4056e+04
-1.5800e+01   -2.4308e-04   6.4999e+04
-1.5600e+01   -2.3668e-04   6.5912e+04
-1.5400e+01   -2.3048e-04   6.6817e+04
-1.5200e+01   -2.2434e-04   6.7754e+04
-1.5000e+01   -2.1842e-04   6.8675e+04
-1.4800e+01   -2.1252e-04   6.9641e+04
-1.4600e+01   -2.0660e-04   7.0668e+04
-1.4400e+01   -2.0102e-04   7.1635e+04
-1.4200e+01   -1.9428e-04   7.3090e+04
-1.4000e+01   -1.8910e-04   7.4035e+04
-1.3800e+01   -1.8398e-04   7.5008e+04
-1.3600e+01   -1.7896e-04   7.5995e+04
-1.3400e+01   -1.7406e-04   7.6985e+04
-1.3200e+01   -1.6908e-04   7.8070e+04
-1.3000e+01   -1.6430e-04   7.9124e+04
-1.2800e+01   -1.5952e-04   8.0241e+04
-1.2600e+01   -1.5484e-04   8.1374e+04
-1.2400e+01   -1.5038e-04   8.2458e+04
-1.2200e+01   -1.4608e-04   8.3516e+04
-1.2000e+01   -1.4188e-04   8.4579e+04
-1.1800e+01   -1.3750e-04   8.5818e+04
-1.1600e+01   -1.3340e-04   8.6957e+04
-1.1400e+01   -1.2928e-04   8.8181e+04
-1.1200e+01   -1.2514e-04   8.9500e+04
-1.1000e+01   -1.2102e-04   9.0894e+04
-1.0800e+01   -1.1652e-04   9.2688e+04
-1.0600e+01   -1.1242e-04   9.4289e+04
-1.0400e+01   -1.0842e-04   9.5923e+04
-1.0200e+01   -1.0434e-04   9.7757e+04
-1.0000e+01   -1.0002e-04   9.9980e+04
-9.8000e+00   -9.4330e-05   1.0389e+05
-9.6000e+00   -6.8148e-05   1.4087e+05
-9.4000e+00   -6.6270e-05   1.4184e+05
-9.2000e+00   -6.4396e-05   1.4287e+05
-9.0000e+00   -6.2574e-05   1.4383e+05
-8.8000e+00   -6.0772e-05   1.4480e+05
-8.6000e+00   -5.8982e-05   1.4581e+05
-8.4000e+00   -5.7240e-05   1.4675e+05
-8.2000e+00   -5.5500e-05   1.4775e+05
-8.0000e+00   -5.3806e-05   1.4868e+05
-7.8000e+00   -5.2130e-05   1.4963e+05
-7.6000e+00   -5.0482e-05   1.5055e+05
-7.4000e+00   -4.8840e-05   1.5152e+05
-7.2000e+00   -4.7230e-05   1.5245e+05
-7.0000e+00   -4.5638e-05   1.5338e+05
-6.8000e+00   -4.4070e-05   1.5430e+05
-6.6000e+00   -4.2524e-05   1.5521e+05
-6.4000e+00   -4.0994e-05   1.5612e+05
-6.2000e+00   -3.9486e-05   1.5702e+05
-6.0000e+00   -3.7992e-05   1.5793e+05
-5.8000e+00   -3.6510e-05   1.5886e+05
-5.6000e+00   -3.5056e-05   1.5974e+05
-5.4000e+00   -3.3624e-05   1.6060e+05
-5.2000e+00   -3.2196e-05   1.6151e+05
-5.0000e+00   -3.0788e-05   1.6240e+05
-4.8000e+00   -2.9392e-05   1.6331e+05
-4.6000e+00   -2.8022e-05   1.6416e+05
-4.4000e+00   -2.6666e-05   1.6500e+05
-4.2000e+00   -2.5316e-05   1.6590e+05
-4.0000e+00   -2.3986e-05   1.6676e+05
-3.8000e+00   -2.2666e-05   1.6765e+05
-3.6000e+00   -2.1360e-05   1.6854e+05
-3.4000e+00   -2.0066e-05   1.6944e+05
-3.2000e+00   -1.8770e-05   1.7048e+05
-3.0000e+00   -1.7508e-05   1.7135e+05
-2.8000e+00   -1.6252e-05   1.7229e+05
-2.6000e+00   -1.5010e-05   1.7322e+05
-2.4000e+00   -1.3788e-05   1.7406e+05
-2.2000e+00   -1.2568e-05   1.7505e+05
-2.0000e+00   -1.1360e-05   1.7606e+05
-1.8000e+00   -1.0172e-05   1.7696e+05
-1.6000e+00   -8.9961e-06   1.7785e+05
-1.4000e+00   -7.8267e-06   1.7887e+05
-1.2000e+00   -6.6763e-06   1.7974e+05
-1.0000e+00   -5.5334e-06   1.8072e+05
-8.0000e-01   -4.4016e-06   1.8175e+05
-6.0000e-01   -3.2848e-06   1.8266e+05
-4.0000e-01   -2.1749e-06   1.8392e+05
-2.0000e-01   -1.0795e-06   1.8527e+05
0.0000e+00   6.9816e-09   0.0000e+00
