  Measurement Number     Measurement type
                  16                DC IV

      Measurement ID             SeriesID
       739603.509835                    0

         MeasureMode                Bias1                Bias2
                   2                   10                  -10

                Step  Positive compliance  Negative compliance
                 0.2                 0.01                 0.01

  RealMeasuredPoints
                 204

        Bias        Current     Resistance
0.0000e+00   4.2547e-08   0.0000e+00
2.0000e-01   7.4867e-06   2.6714e+04
4.0000e-01   1.4962e-05   2.6734e+04
6.0000e-01   2.2468e-05   2.6705e+04
8.0000e-01   3.0020e-05   2.6649e+04
1.0000e+00   3.7602e-05   2.6594e+04
1.2000e+00   4.5246e-05   2.6522e+04
1.4000e+00   5.2936e-05   2.6447e+04
1.6000e+00   6.0658e-05   2.6377e+04
1.8000e+00   6.8438e-05   2.6301e+04
2.0000e+00   7.6304e-05   2.6211e+04
2.2000e+00   8.4216e-05   2.6123e+04
2.4000e+00   9.2184e-05   2.6035e+04
2.6000e+00   1.0020e-04   2.5948e+04
2.8000e+00   1.0831e-04   2.5851e+04
3.0000e+00   1.1646e-04   2.5760e+04
3.2000e+00   1.2472e-04   2.5657e+04
3.4000e+00   1.3302e-04   2.5560e+04
3.6000e+00   1.4150e-04   2.5442e+04
3.8000e+00   1.5000e-04   2.5333e+04
4.0000e+00   1.5862e-04   2.5218e+04
4.2000e+00   1.6738e-04   2.5093e+04
4.4000e+00   1.7608e-04   2.4989e+04
4.6000e+00   1.8500e-04   2.4865e+04
4.8000e+00   1.9410e-04   2.4730e+04
5.0000e+00   2.0320e-04   2.4606e+04
5.2000e+00   2.1234e-04   2.4489e+04
5.4000e+00   2.2160e-04   2.4368e+04
5.6000e+00   2.3110e-04   2.4232e+04
5.8000e+00   2.4088e-04   2.4078e+04
6.0000e+00   2.5070e-04   2.3933e+04
6.2000e+00   2.6100e-04   2.3755e+04
6.4000e+00   2.7130e-04   2.3590e+04
6.6000e+00   2.8238e-04   2.3373e+04
6.8000e+00   2.9364e-04   2.3158e+04
7.0000e+00   3.0498e-04   2.2952e+04
7.2000e+00   3.1630e-04   2.2763e+04
7.4000e+00   3.2834e-04   2.2538e+04
7.6000e+00   3.4038e-04   2.2328e+04
7.8000e+00   3.5268e-04   2.2116e+04
8.0000e+00   3.6534e-04   2.1897e+04
8.2000e+00   3.7914e-04   2.1628e+04
8.4000e+00   3.9356e-04   2.1344e+04
8.6000e+00   4.0920e-04   2.1017e+04
8.8000e+00   4.2426e-04   2.0742e+04
9.0000e+00   4.1348e-04   2.1766e+04
9.2000e+00   4.1782e-03   2.2019e+03
9.4000e+00   4.2748e-03   2.1989e+03
9.6000e+00   4.3922e-03   2.1857e+03
9.8000e+00   4.5594e-03   2.1494e+03
1.0000e+01   4.6716e-03   2.1406e+03
1.0000e+01   4.8124e-03   2.0780e+03
9.8000e+00   4.6144e-03   2.1238e+03
9.6000e+00   4.5190e-03   2.1244e+03
9.4000e+00   4.4286e-03   2.1226e+03
9.2000e+00   4.3238e-03   2.1278e+03
9.0000e+00   4.2138e-03   2.1358e+03
8.8000e+00   4.1088e-03   2.1417e+03
8.6000e+00   4.0048e-03   2.1474e+03
8.4000e+00   3.8894e-03   2.1597e+03
8.2000e+00   3.7750e-03   2.1722e+03
8.0000e+00   3.6440e-03   2.1954e+03
7.8000e+00   3.5210e-03   2.2153e+03
7.6000e+00   3.3992e-03   2.2358e+03
7.4000e+00   3.2804e-03   2.2558e+03
7.2000e+00   3.1530e-03   2.2835e+03
7.0000e+00   3.0262e-03   2.3131e+03
6.8000e+00   2.8874e-03   2.3551e+03
6.6000e+00   2.7492e-03   2.4007e+03
6.4000e+00   2.6092e-03   2.4529e+03
6.2000e+00   2.4384e-03   2.5427e+03
6.0000e+00   1.8966e-03   3.1636e+03
5.8000e+00   1.8254e-03   3.1774e+03
5.6000e+00   1.7534e-03   3.1938e+03
5.4000e+00   1.6792e-03   3.2158e+03
5.2000e+00   1.6106e-03   3.2286e+03
5.0000e+00   1.5358e-03   3.2556e+03
4.8000e+00   1.4642e-03   3.2782e+03
4.6000e+00   1.3758e-03   3.3435e+03
4.4000e+00   1.2632e-03   3.4832e+03
4.2000e+00   1.1928e-03   3.5211e+03
4.0000e+00   1.1010e-03   3.6331e+03
3.8000e+00   1.0216e-03   3.7197e+03
3.6000e+00   9.4070e-04   3.8269e+03
3.4000e+00   8.5160e-04   3.9925e+03
3.2000e+00   7.4314e-04   4.3061e+03
3.0000e+00   1.1830e-04   2.5359e+04
2.8000e+00   1.1010e-04   2.5431e+04
2.6000e+00   1.0200e-04   2.5490e+04
2.4000e+00   9.4020e-05   2.5526e+04
2.2000e+00   8.6010e-05   2.5578e+04
2.0000e+00   7.8042e-05   2.5627e+04
1.8000e+00   7.0112e-05   2.5673e+04
1.6000e+00   6.2230e-05   2.5711e+04
1.4000e+00   5.4372e-05   2.5749e+04
1.2000e+00   4.6552e-05   2.5778e+04
1.0000e+00   3.8756e-05   2.5802e+04
8.0000e-01   3.0980e-05   2.5823e+04
6.0000e-01   2.3224e-05   2.5835e+04
4.0000e-01   1.5484e-05   2.5833e+04
2.0000e-01   7.7543e-06   2.5792e+04
0.0000e+00   4.1199e-08   0.0000e+00
0.0000e+00   4.4305e-08   0.0000e+00
-2.0000e-01   -7.6501e-06   2.6143e+04
-4.0000e-01   -1.5344e-05   2.6069e+04
-6.0000e-01   -2.3086e-05   2.5990e+04
-8.0000e-01   -3.0804e-05   2.5971e+04
-1.0000e+00   -3.8548e-05   2.5942e+04
-1.2000e+00   -4.6310e-05   2.5912e+04
-1.4000e+00   -5.4094e-05   2.5881e+04
-1.6000e+00   -6.1900e-05   2.5848e+04
-1.8000e+00   -6.9740e-05   2.5810e+04
-2.0000e+00   -7.7628e-05   2.5764e+04
-2.2000e+00   -8.5540e-05   2.5719e+04
-2.4000e+00   -9.3528e-05   2.5661e+04
-2.6000e+00   -1.0153e-04   2.5609e+04
-2.8000e+00   -1.0958e-04   2.5552e+04
-3.0000e+00   -1.1772e-04   2.5484e+04
-3.2000e+00   -1.2584e-04   2.5429e+04
-3.4000e+00   -1.3404e-04   2.5366e+04
-3.6000e+00   -1.4226e-04   2.5306e+04
-3.8000e+00   -1.5058e-04   2.5236e+04
-4.0000e+00   -1.5904e-04   2.5151e+04
-4.2000e+00   -1.6754e-04   2.5069e+04
-4.4000e+00   -1.7612e-04   2.4983e+04
-4.6000e+00   -1.8476e-04   2.4897e+04
-4.8000e+00   -1.9356e-04   2.4799e+04
-5.0000e+00   -2.0236e-04   2.4708e+04
-5.2000e+00   -2.1144e-04   2.4593e+04
-5.4000e+00   -2.2064e-04   2.4474e+04
-5.6000e+00   -2.3006e-04   2.4341e+04
-5.8000e+00   -2.4646e-04   2.3533e+04
-6.0000e+00   -2.5656e-04   2.3386e+04
-6.2000e+00   -2.6696e-04   2.3224e+04
-6.4000e+00   -2.7892e-04   2.2946e+04
-6.6000e+00   -2.2660e-03   2.9126e+03
-6.8000e+00   -2.3646e-03   2.8758e+03
-7.0000e+00   -3.7780e-03   1.8528e+03
-7.2000e+00   -4.0638e-03   1.7717e+03
-7.4000e+00   -4.3060e-03   1.7185e+03
-7.6000e+00   -2.2854e-03   3.3255e+03
-7.8000e+00   -2.3650e-03   3.2981e+03
-8.0000e+00   -2.4424e-03   3.2755e+03
-8.2000e+00   -2.5122e-03   3.2641e+03
-8.4000e+00   -2.5874e-03   3.2465e+03
-8.6000e+00   -2.6608e-03   3.2321e+03
-8.8000e+00   -2.7308e-03   3.2225e+03
-9.0000e+00   -2.8056e-03   3.2079e+03
-9.2000e+00   -2.8548e-03   3.2226e+03
-9.4000e+00   -3.1158e-03   3.0169e+03
-9.6000e+00   -3.2094e-03   2.9912e+03
-9.8000e+00   -3.2908e-03   2.9780e+03
-1.0000e+01   -3.3876e-03   2.9519e+03
-1.0000e+01   -3.2978e-03   3.0323e+03
-9.8000e+00   -3.2162e-03   3.0471e+03
-9.6000e+00   -3.1734e-03   3.0251e+03
-9.4000e+00   -3.0742e-03   3.0577e+03
-9.2000e+00   -3.0462e-03   3.0202e+03
-9.0000e+00   -2.9394e-03   3.0618e+03
-8.8000e+00   -2.8812e-03   3.0543e+03
-8.6000e+00   -2.8036e-03   3.0675e+03
-8.4000e+00   -2.7334e-03   3.0731e+03
-8.2000e+00   -2.6632e-03   3.0790e+03
-8.0000e+00   -2.5968e-03   3.0807e+03
-7.8000e+00   -2.5238e-03   3.0906e+03
-7.6000e+00   -2.4516e-03   3.1000e+03
-7.4000e+00   -2.3704e-03   3.1218e+03
-7.2000e+00   -2.2932e-03   3.1397e+03
-7.0000e+00   -2.2188e-03   3.1549e+03
-6.8000e+00   -2.1362e-03   3.1832e+03
-6.6000e+00   -2.0338e-03   3.2452e+03
-6.4000e+00   -1.9276e-03   3.3202e+03
-6.2000e+00   -1.8618e-03   3.3301e+03
-6.0000e+00   -1.7970e-03   3.3389e+03
-5.8000e+00   -1.7316e-03   3.3495e+03
-5.6000e+00   -1.6682e-03   3.3569e+03
-5.4000e+00   -1.6050e-03   3.3645e+03
-5.2000e+00   -1.5404e-03   3.3757e+03
-5.0000e+00   -1.4766e-03   3.3862e+03
-4.8000e+00   -1.4110e-03   3.4018e+03
-4.6000e+00   -1.3422e-03   3.4272e+03
-4.4000e+00   -1.2732e-03   3.4559e+03
-4.2000e+00   -1.2030e-03   3.4913e+03
-4.0000e+00   -1.1324e-03   3.5323e+03
-3.8000e+00   -1.0574e-03   3.5937e+03
-3.6000e+00   -9.7874e-04   3.6782e+03
-3.4000e+00   -8.8634e-04   3.8360e+03
-3.2000e+00   -1.3022e-04   2.4574e+04
-3.0000e+00   -1.2068e-04   2.4859e+04
-2.8000e+00   -1.1134e-04   2.5148e+04
-2.6000e+00   -1.0214e-04   2.5455e+04
-2.4000e+00   -9.2652e-05   2.5903e+04
-2.2000e+00   -8.4500e-05   2.6036e+04
-2.0000e+00   -7.6554e-05   2.6125e+04
-1.8000e+00   -6.8704e-05   2.6199e+04
-1.6000e+00   -6.0914e-05   2.6267e+04
-1.4000e+00   -5.3172e-05   2.6330e+04
-1.2000e+00   -4.5494e-05   2.6377e+04
-1.0000e+00   -3.7846e-05   2.6423e+04
-8.0000e-01   -3.0230e-05   2.6464e+04
-6.0000e-01   -2.2646e-05   2.6495e+04
-4.0000e-01   -1.5050e-05   2.6578e+04
-2.0000e-01   -7.4960e-06   2.6681e+04
0.0000e+00   4.7087e-08   0.0000e+00
