  Measurement Number     Measurement type
                  32                DC IV

      Measurement ID             SeriesID
       739603.511270                   96

         MeasureMode                Bias1                Bias2
                   2                   10                  -10

                Step  Positive compliance  Negative compliance
                 0.2                 0.01                 0.01

  RealMeasuredPoints
                 204

        Bias        Current     Resistance
0.0000e+00   4.3902e-08   0.0000e+00
2.0000e-01   7.6769e-06   2.6052e+04
4.0000e-01   1.5320e-05   2.6110e+04
6.0000e-01   2.2970e-05   2.6121e+04
8.0000e-01   3.0628e-05   2.6120e+04
1.0000e+00   3.8308e-05   2.6104e+04
1.2000e+00   4.6002e-05   2.6086e+04
1.4000e+00   5.3706e-05   2.6068e+04
1.6000e+00   6.1436e-05   2.6043e+04
1.8000e+00   6.9194e-05   2.6014e+04
2.0000e+00   7.6982e-05   2.5980e+04
2.2000e+00   8.4788e-05   2.5947e+04
2.4000e+00   9.2636e-05   2.5908e+04
2.6000e+00   1.0051e-04   2.5868e+04
2.8000e+00   1.0843e-04   2.5824e+04
3.0000e+00   1.1628e-04   2.5800e+04
3.2000e+00   1.2426e-04   2.5752e+04
3.4000e+00   1.3230e-04   2.5699e+04
3.6000e+00   1.4036e-04   2.5648e+04
3.8000e+00   1.4850e-04   2.5589e+04
4.0000e+00   1.5672e-04   2.5523e+04
4.2000e+00   1.6496e-04   2.5461e+04
4.4000e+00   1.7330e-04   2.5389e+04
4.6000e+00   1.8162e-04   2.5328e+04
4.8000e+00   1.9004e-04   2.5258e+04
5.0000e+00   1.9854e-04   2.5184e+04
5.2000e+00   2.0724e-04   2.5092e+04
5.4000e+00   2.1594e-04   2.5007e+04
5.6000e+00   2.2470e-04   2.4922e+04
5.8000e+00   2.3364e-04   2.4825e+04
6.0000e+00   2.4272e-04   2.4720e+04
6.2000e+00   2.5204e-04   2.4599e+04
6.4000e+00   2.6156e-04   2.4469e+04
6.6000e+00   2.7126e-04   2.4331e+04
6.8000e+00   2.8138e-04   2.4167e+04
7.0000e+00   2.9172e-04   2.3996e+04
7.2000e+00   3.0230e-04   2.3817e+04
7.4000e+00   3.1318e-04   2.3629e+04
7.6000e+00   3.2502e-04   2.3383e+04
7.8000e+00   3.4006e-04   2.2937e+04
8.0000e+00   3.7026e-04   2.1606e+04
8.2000e+00   2.3258e-03   3.5257e+03
8.4000e+00   2.3824e-03   3.5259e+03
8.6000e+00   2.4398e-03   3.5249e+03
8.8000e+00   2.5942e-03   3.3922e+03
9.0000e+00   2.1888e-03   4.1118e+03
9.2000e+00   2.2418e-03   4.1038e+03
9.4000e+00   2.3002e-03   4.0866e+03
9.6000e+00   2.3572e-03   4.0726e+03
9.8000e+00   2.4202e-03   4.0493e+03
1.0000e+01   2.4902e-03   4.0157e+03
1.0000e+01   2.4916e-03   4.0135e+03
9.8000e+00   2.4274e-03   4.0372e+03
9.6000e+00   2.3672e-03   4.0554e+03
9.4000e+00   2.3024e-03   4.0827e+03
9.2000e+00   2.2396e-03   4.1079e+03
9.0000e+00   2.1768e-03   4.1345e+03
8.8000e+00   2.1148e-03   4.1611e+03
8.6000e+00   2.0530e-03   4.1890e+03
8.4000e+00   1.9910e-03   4.2190e+03
8.2000e+00   1.9296e-03   4.2496e+03
8.0000e+00   1.8670e-03   4.2849e+03
7.8000e+00   1.8006e-03   4.3319e+03
7.6000e+00   1.7396e-03   4.3688e+03
7.4000e+00   1.6778e-03   4.4105e+03
7.2000e+00   1.6170e-03   4.4527e+03
7.0000e+00   1.5538e-03   4.5051e+03
6.8000e+00   1.4902e-03   4.5631e+03
6.6000e+00   1.4278e-03   4.6225e+03
6.4000e+00   1.3592e-03   4.7087e+03
6.2000e+00   1.2864e-03   4.8197e+03
6.0000e+00   1.1906e-03   5.0395e+03
5.8000e+00   1.0996e-03   5.2746e+03
5.6000e+00   9.6772e-04   5.7868e+03
5.4000e+00   8.9182e-04   6.0550e+03
5.2000e+00   7.8452e-04   6.6283e+03
5.0000e+00   3.6138e-04   1.3836e+04
4.8000e+00   1.9078e-04   2.5160e+04
4.6000e+00   1.8224e-04   2.5241e+04
4.4000e+00   1.7376e-04   2.5322e+04
4.2000e+00   1.6544e-04   2.5387e+04
4.0000e+00   1.5712e-04   2.5458e+04
3.8000e+00   1.4888e-04   2.5524e+04
3.6000e+00   1.4072e-04   2.5583e+04
3.4000e+00   1.3260e-04   2.5641e+04
3.2000e+00   1.2452e-04   2.5699e+04
3.0000e+00   1.1652e-04   2.5747e+04
2.8000e+00   1.0854e-04   2.5797e+04
2.6000e+00   1.0056e-04   2.5855e+04
2.4000e+00   9.2752e-05   2.5875e+04
2.2000e+00   8.4880e-05   2.5919e+04
2.0000e+00   7.7052e-05   2.5956e+04
1.8000e+00   6.9256e-05   2.5991e+04
1.6000e+00   6.1486e-05   2.6022e+04
1.4000e+00   5.3754e-05   2.6045e+04
1.2000e+00   4.6030e-05   2.6070e+04
1.0000e+00   3.8332e-05   2.6088e+04
8.0000e-01   3.0650e-05   2.6101e+04
6.0000e-01   2.2978e-05   2.6112e+04
4.0000e-01   1.5324e-05   2.6103e+04
2.0000e-01   7.6785e-06   2.6047e+04
0.0000e+00   4.0572e-08   0.0000e+00
0.0000e+00   4.3959e-08   0.0000e+00
-2.0000e-01   -7.5847e-06   2.6369e+04
-4.0000e-01   -1.5212e-05   2.6295e+04
-6.0000e-01   -2.2884e-05   2.6219e+04
-8.0000e-01   -3.0532e-05   2.6202e+04
-1.0000e+00   -3.8198e-05   2.6179e+04
-1.2000e+00   -4.5876e-05   2.6157e+04
-1.4000e+00   -5.3574e-05   2.6132e+04
-1.6000e+00   -6.1288e-05   2.6106e+04
-1.8000e+00   -6.9038e-05   2.6073e+04
-2.0000e+00   -7.6796e-05   2.6043e+04
-2.2000e+00   -8.4594e-05   2.6007e+04
-2.4000e+00   -9.2450e-05   2.5960e+04
-2.6000e+00   -1.0032e-04   2.5918e+04
-2.8000e+00   -1.0821e-04   2.5877e+04
-3.0000e+00   -1.1624e-04   2.5809e+04
-3.2000e+00   -1.2418e-04   2.5769e+04
-3.4000e+00   -1.3216e-04   2.5726e+04
-3.6000e+00   -1.4024e-04   2.5670e+04
-3.8000e+00   -1.4838e-04   2.5610e+04
-4.0000e+00   -1.5652e-04   2.5556e+04
-4.2000e+00   -1.6474e-04   2.5495e+04
-4.4000e+00   -1.7302e-04   2.5431e+04
-4.6000e+00   -1.8130e-04   2.5372e+04
-4.8000e+00   -1.8966e-04   2.5308e+04
-5.0000e+00   -1.9808e-04   2.5242e+04
-5.2000e+00   -2.0668e-04   2.5160e+04
-5.4000e+00   -2.1534e-04   2.5077e+04
-5.6000e+00   -2.2404e-04   2.4996e+04
-5.8000e+00   -2.3282e-04   2.4912e+04
-6.0000e+00   -2.4182e-04   2.4812e+04
-6.2000e+00   -2.5086e-04   2.4715e+04
-6.4000e+00   -2.6014e-04   2.4602e+04
-6.6000e+00   -2.6970e-04   2.4472e+04
-6.8000e+00   -2.7944e-04   2.4334e+04
-7.0000e+00   -2.8928e-04   2.4198e+04
-7.2000e+00   -2.9934e-04   2.4053e+04
-7.4000e+00   -3.0962e-04   2.3900e+04
-7.6000e+00   -3.2090e-04   2.3683e+04
-7.8000e+00   -3.3256e-04   2.3454e+04
-8.0000e+00   -3.4508e-04   2.3183e+04
-8.2000e+00   -3.5918e-04   2.2830e+04
-8.4000e+00   -3.7292e-04   2.2525e+04
-8.6000e+00   -3.9324e-04   2.1870e+04
-8.8000e+00   -4.1342e-04   2.1286e+04
-9.0000e+00   -4.4512e-04   2.0219e+04
-9.2000e+00   -2.6274e-03   3.5016e+03
-9.4000e+00   -2.6988e-03   3.4830e+03
-9.6000e+00   -2.7734e-03   3.4615e+03
-9.8000e+00   -2.8406e-03   3.4500e+03
-1.0000e+01   -2.9082e-03   3.4386e+03
-1.0000e+01   -2.9074e-03   3.4395e+03
-9.8000e+00   -2.8394e-03   3.4514e+03
-9.6000e+00   -2.7746e-03   3.4600e+03
-9.4000e+00   -2.7048e-03   3.4753e+03
-9.2000e+00   -2.6360e-03   3.4901e+03
-9.0000e+00   -2.5664e-03   3.5069e+03
-8.8000e+00   -2.4972e-03   3.5239e+03
-8.6000e+00   -2.4286e-03   3.5411e+03
-8.4000e+00   -2.3612e-03   3.5575e+03
-8.2000e+00   -2.2884e-03   3.5833e+03
-8.0000e+00   -2.2212e-03   3.6017e+03
-7.8000e+00   -2.1542e-03   3.6208e+03
-7.6000e+00   -2.0868e-03   3.6419e+03
-7.4000e+00   -2.0190e-03   3.6652e+03
-7.2000e+00   -1.9524e-03   3.6878e+03
-7.0000e+00   -1.8832e-03   3.7171e+03
-6.8000e+00   -1.8136e-03   3.7494e+03
-6.6000e+00   -1.7426e-03   3.7874e+03
-6.4000e+00   -1.6690e-03   3.8346e+03
-6.2000e+00   -1.5952e-03   3.8867e+03
-6.0000e+00   -1.5214e-03   3.9437e+03
-5.8000e+00   -1.4462e-03   4.0105e+03
-5.6000e+00   -1.3678e-03   4.0942e+03
-5.4000e+00   -1.2830e-03   4.2089e+03
-5.2000e+00   -1.1922e-03   4.3617e+03
-5.0000e+00   -1.0460e-03   4.7801e+03
-4.8000e+00   -9.1742e-04   5.2321e+03
-4.6000e+00   -6.2298e-04   7.3839e+03
-4.4000e+00   -1.7436e-04   2.5235e+04
-4.2000e+00   -1.6584e-04   2.5326e+04
-4.0000e+00   -1.5748e-04   2.5400e+04
-3.8000e+00   -1.4918e-04   2.5473e+04
-3.6000e+00   -1.4102e-04   2.5528e+04
-3.4000e+00   -1.3282e-04   2.5599e+04
-3.2000e+00   -1.2472e-04   2.5657e+04
-3.0000e+00   -1.1666e-04   2.5716e+04
-2.8000e+00   -1.0866e-04   2.5768e+04
-2.6000e+00   -1.0074e-04   2.5809e+04
-2.4000e+00   -9.2750e-05   2.5876e+04
-2.2000e+00   -8.4850e-05   2.5928e+04
-2.0000e+00   -7.7022e-05   2.5967e+04
-1.8000e+00   -6.9222e-05   2.6003e+04
-1.6000e+00   -6.1450e-05   2.6037e+04
-1.4000e+00   -5.3710e-05   2.6066e+04
-1.2000e+00   -4.5988e-05   2.6094e+04
-1.0000e+00   -3.8288e-05   2.6118e+04
-8.0000e-01   -3.0600e-05   2.6144e+04
-6.0000e-01   -2.2928e-05   2.6169e+04
-4.0000e-01   -1.5244e-05   2.6240e+04
-2.0000e-01   -7.5991e-06   2.6319e+04
0.0000e+00   4.7579e-08   0.0000e+00
