  Measurement Number     Measurement type
                  32                DC IV

      Measurement ID             SeriesID
       739603.521605                    0

         MeasureMode                Bias1                Bias2
                   2                 -3.5                  2.5

                Step  Positive compliance  Negative compliance
                 0.1                  0.1                  0.1

  RealMeasuredPoints
                 124

        Bias        Current     Resistance
0.0000e+00   -4.8800e-12   -0.0000e+00
-1.0000e-01   -1.0700e-09   9.3458e+07
-2.0000e-01   -2.7943e-09   7.1574e+07
-3.0000e-01   -5.5014e-09   5.4532e+07
-4.0000e-01   -9.3773e-09   4.2656e+07
-5.0000e-01   -1.4411e-08   3.4696e+07
-6.0000e-01   -2.1262e-08   2.8220e+07
-7.0000e-01   -2.9736e-08   2.3540e+07
-8.0000e-01   -4.0403e-08   1.9800e+07
-9.0000e-01   -5.3591e-08   1.6794e+07
-1.0000e+00   -6.8744e-08   1.4547e+07
-1.1000e+00   -8.6808e-08   1.2672e+07
-1.2000e+00   -1.0980e-07   1.0929e+07
-1.3000e+00   -1.3110e-07   9.9161e+06
-1.4000e+00   -1.5782e-07   8.8709e+06
-1.5000e+00   -1.9032e-07   7.8815e+06
-1.6000e+00   -2.2066e-07   7.2510e+06
-1.7000e+00   -2.5684e-07   6.6189e+06
-1.8000e+00   -2.9636e-07   6.0737e+06
-1.9000e+00   -3.3734e-07   5.6323e+06
-2.0000e+00   -3.8488e-07   5.1964e+06
-2.1000e+00   -4.4154e-07   4.7561e+06
-2.2000e+00   -4.9858e-07   4.4125e+06
-2.3000e+00   -5.5606e-07   4.1362e+06
-2.4000e+00   -6.1614e-07   3.8952e+06
-2.5000e+00   -6.8058e-07   3.6733e+06
-2.6000e+00   -7.2612e-07   3.5807e+06
-2.7000e+00   -8.0680e-07   3.3466e+06
-2.8000e+00   -9.2536e-07   3.0258e+06
-2.9000e+00   -1.0034e-06   2.8901e+06
-3.0000e+00   -1.0977e-06   2.7329e+06
-3.1000e+00   -1.1914e-06   2.6020e+06
-3.2000e+00   -1.2860e-06   2.4883e+06
-3.3000e+00   -1.3774e-06   2.3958e+06
-3.4000e+00   -1.5098e-06   2.2520e+06
-3.5000e+00   -1.6158e-06   2.1661e+06
-3.5000e+00   -1.6095e-06   2.1746e+06
-3.4000e+00   -1.5127e-06   2.2476e+06
-3.3000e+00   -1.4182e-06   2.3269e+06
-3.2000e+00   -1.3163e-06   2.4311e+06
-3.1000e+00   -1.2293e-06   2.5218e+06
-3.0000e+00   -1.1373e-06   2.6378e+06
-2.9000e+00   -1.0522e-06   2.7561e+06
-2.8000e+00   -9.8442e-07   2.8443e+06
-2.7000e+00   -9.1004e-07   2.9669e+06
-2.6000e+00   -8.3186e-07   3.1255e+06
-2.5000e+00   -7.5812e-07   3.2976e+06
-2.4000e+00   -6.8608e-07   3.4981e+06
-2.3000e+00   -6.1592e-07   3.7343e+06
-2.2000e+00   -5.5278e-07   3.9799e+06
-2.1000e+00   -4.9188e-07   4.2693e+06
-2.0000e+00   -4.3110e-07   4.6393e+06
-1.9000e+00   -3.6962e-07   5.1404e+06
-1.8000e+00   -3.2560e-07   5.5283e+06
-1.7000e+00   -2.8140e-07   6.0412e+06
-1.6000e+00   -2.4058e-07   6.6506e+06
-1.5000e+00   -2.0830e-07   7.2012e+06
-1.4000e+00   -1.7672e-07   7.9221e+06
-1.3000e+00   -1.4578e-07   8.9175e+06
-1.2000e+00   -1.1938e-07   1.0052e+07
-1.1000e+00   -9.5606e-08   1.1506e+07
-1.0000e+00   -7.5718e-08   1.3207e+07
-9.0000e-01   -5.8332e-08   1.5429e+07
-8.0000e-01   -4.3933e-08   1.8210e+07
-7.0000e-01   -3.2242e-08   2.1711e+07
-6.0000e-01   -2.2788e-08   2.6330e+07
-5.0000e-01   -1.5598e-08   3.2055e+07
-4.0000e-01   -9.8756e-09   4.0504e+07
-3.0000e-01   -5.5034e-09   5.4512e+07
-2.0000e-01   -2.4341e-09   8.2166e+07
-1.0000e-01   -4.0730e-10   2.4552e+08
0.0000e+00   8.5550e-10   0.0000e+00
0.0000e+00   1.9054e-10   0.0000e+00
1.0000e-01   1.4791e-09   6.7609e+07
2.0000e-01   3.5213e-09   5.6797e+07
3.0000e-01   6.5239e-09   4.5985e+07
4.0000e-01   1.0818e-08   3.6976e+07
5.0000e-01   1.6570e-08   3.0175e+07
6.0000e-01   2.3762e-08   2.5250e+07
7.0000e-01   3.3140e-08   2.1122e+07
8.0000e-01   4.3419e-08   1.8425e+07
9.0000e-01   5.7212e-08   1.5731e+07
1.0000e+00   7.2756e-08   1.3745e+07
1.1000e+00   9.2518e-08   1.1890e+07
1.2000e+00   1.1584e-07   1.0359e+07
1.3000e+00   1.4278e-07   9.1049e+06
1.4000e+00   1.7198e-07   8.1405e+06
1.5000e+00   2.0896e-07   7.1784e+06
1.6000e+00   2.5382e-07   6.3037e+06
1.7000e+00   3.0228e-07   5.6239e+06
1.8000e+00   3.5486e-07   5.0724e+06
1.9000e+00   4.6056e-07   4.1254e+06
2.0000e+00   5.2560e-07   3.8052e+06
2.1000e+00   5.8982e-07   3.5604e+06
2.2000e+00   6.8504e-07   3.2115e+06
2.3000e+00   7.7270e-07   2.9766e+06
2.4000e+00   8.8928e-07   2.6988e+06
2.5000e+00   1.0100e-06   2.4751e+06
2.5000e+00   1.0156e-06   2.4616e+06
2.4000e+00   8.9298e-07   2.6876e+06
2.3000e+00   7.9804e-07   2.8821e+06
2.2000e+00   6.8844e-07   3.1956e+06
2.1000e+00   6.0542e-07   3.4687e+06
2.0000e+00   5.2454e-07   3.8129e+06
1.9000e+00   4.4534e-07   4.2664e+06
1.8000e+00   3.7488e-07   4.8015e+06
1.7000e+00   3.3058e-07   5.1425e+06
1.6000e+00   2.7706e-07   5.7749e+06
1.5000e+00   2.3058e-07   6.5053e+06
1.4000e+00   1.9318e-07   7.2471e+06
1.3000e+00   1.6060e-07   8.0946e+06
1.2000e+00   1.3424e-07   8.9392e+06
1.1000e+00   1.0896e-07   1.0095e+07
1.0000e+00   7.7190e-08   1.2955e+07
9.0000e-01   5.9535e-08   1.5117e+07
8.0000e-01   4.5250e-08   1.7680e+07
7.0000e-01   3.3525e-08   2.0880e+07
6.0000e-01   2.4053e-08   2.4945e+07
5.0000e-01   1.6359e-08   3.0564e+07
4.0000e-01   1.0603e-08   3.7726e+07
3.0000e-01   6.6059e-09   4.5414e+07
2.0000e-01   3.3029e-09   6.0553e+07
1.0000e-01   1.1021e-09   9.0736e+07
0.0000e+00   -3.7352e-10   -0.0000e+00
