  Measurement Number     Measurement type
                  41                DC IV

      Measurement ID             SeriesID
       739603.522944                    0

         MeasureMode                Bias1                Bias2
                   2                 -4.5                  2.5

                Step  Positive compliance  Negative compliance
                 0.1                  0.1                5e-05

  RealMeasuredPoints
                 144

        Bias        Current     Resistance
0.0000e+00   -3.1700e-12   -0.0000e+00
-1.0000e-01   -1.2820e-09   7.8003e+07
-2.0000e-01   -3.2559e-09   6.1427e+07
-3.0000e-01   -6.5294e-09   4.5946e+07
-4.0000e-01   -1.0664e-08   3.7510e+07
-5.0000e-01   -1.6787e-08   2.9785e+07
-6.0000e-01   -2.4308e-08   2.4683e+07
-7.0000e-01   -3.3542e-08   2.0869e+07
-8.0000e-01   -4.4886e-08   1.7823e+07
-9.0000e-01   -5.8578e-08   1.5364e+07
-1.0000e+00   -7.4806e-08   1.3368e+07
-1.1000e+00   -9.3672e-08   1.1743e+07
-1.2000e+00   -1.1990e-07   1.0008e+07
-1.3000e+00   -1.4774e-07   8.7992e+06
-1.4000e+00   -1.7532e-07   7.9854e+06
-1.5000e+00   -2.1832e-07   6.8706e+06
-1.6000e+00   -2.5498e-07   6.2750e+06
-1.7000e+00   -2.9978e-07   5.6708e+06
-1.8000e+00   -3.4754e-07   5.1793e+06
-1.9000e+00   -4.0220e-07   4.7240e+06
-2.0000e+00   -4.5966e-07   4.3510e+06
-2.1000e+00   -5.1896e-07   4.0466e+06
-2.2000e+00   -5.8154e-07   3.7831e+06
-2.3000e+00   -6.6638e-07   3.4515e+06
-2.4000e+00   -7.3712e-07   3.2559e+06
-2.5000e+00   -8.3064e-07   3.0097e+06
-2.6000e+00   -9.4424e-07   2.7535e+06
-2.7000e+00   -1.0426e-06   2.5897e+06
-2.8000e+00   -1.1371e-06   2.4625e+06
-2.9000e+00   -1.2995e-06   2.2316e+06
-3.0000e+00   -1.4190e-06   2.1142e+06
-3.1000e+00   -1.5738e-06   1.9698e+06
-3.2000e+00   -1.7009e-06   1.8814e+06
-3.3000e+00   -1.8290e-06   1.8043e+06
-3.4000e+00   -2.0361e-06   1.6699e+06
-3.5000e+00   -2.1763e-06   1.6082e+06
-3.6000e+00   -2.3810e-06   1.5120e+06
-3.7000e+00   -2.5226e-06   1.4667e+06
-3.8000e+00   -2.6623e-06   1.4273e+06
-3.9000e+00   -2.8520e-06   1.3675e+06
-4.0000e+00   -3.0731e-06   1.3016e+06
-4.1000e+00   -3.2914e-06   1.2457e+06
-4.2000e+00   -3.5099e-06   1.1966e+06
-4.3000e+00   -3.7498e-06   1.1467e+06
-4.4000e+00   -3.9578e-06   1.1117e+06
-4.5000e+00   -4.2581e-06   1.0568e+06
-4.5000e+00   -4.2325e-06   1.0632e+06
-4.4000e+00   -4.0470e-06   1.0872e+06
-4.3000e+00   -3.8088e-06   1.1290e+06
-4.2000e+00   -3.6247e-06   1.1587e+06
-4.1000e+00   -3.4925e-06   1.1739e+06
-4.0000e+00   -3.2823e-06   1.2187e+06
-3.9000e+00   -3.0985e-06   1.2587e+06
-3.8000e+00   -2.9041e-06   1.3085e+06
-3.7000e+00   -2.7453e-06   1.3478e+06
-3.6000e+00   -2.5465e-06   1.4137e+06
-3.5000e+00   -2.3875e-06   1.4660e+06
-3.4000e+00   -2.2254e-06   1.5278e+06
-3.3000e+00   -2.0511e-06   1.6089e+06
-3.2000e+00   -1.8878e-06   1.6951e+06
-3.1000e+00   -1.7565e-06   1.7649e+06
-3.0000e+00   -1.6153e-06   1.8572e+06
-2.9000e+00   -1.4777e-06   1.9625e+06
-2.8000e+00   -1.3550e-06   2.0664e+06
-2.7000e+00   -1.2356e-06   2.1852e+06
-2.6000e+00   -1.1197e-06   2.3221e+06
-2.5000e+00   -1.0143e-06   2.4648e+06
-2.4000e+00   -9.1176e-07   2.6323e+06
-2.3000e+00   -8.1298e-07   2.8291e+06
-2.2000e+00   -7.2430e-07   3.0374e+06
-2.1000e+00   -6.4080e-07   3.2772e+06
-2.0000e+00   -5.6098e-07   3.5652e+06
-1.9000e+00   -4.9670e-07   3.8252e+06
-1.8000e+00   -4.3252e-07   4.1617e+06
-1.7000e+00   -3.7334e-07   4.5535e+06
-1.6000e+00   -3.2160e-07   4.9751e+06
-1.5000e+00   -2.7604e-07   5.4340e+06
-1.4000e+00   -2.2864e-07   6.1232e+06
-1.3000e+00   -1.9058e-07   6.8213e+06
-1.2000e+00   -1.5782e-07   7.6036e+06
-1.1000e+00   -1.2790e-07   8.6005e+06
-1.0000e+00   -1.0324e-07   9.6862e+06
-9.0000e-01   -8.2171e-08   1.0953e+07
-8.0000e-01   -6.2766e-08   1.2746e+07
-7.0000e-01   -4.7557e-08   1.4719e+07
-6.0000e-01   -3.4123e-08   1.7583e+07
-5.0000e-01   -2.3603e-08   2.1184e+07
-4.0000e-01   -1.4914e-08   2.6820e+07
-3.0000e-01   -8.6358e-09   3.4739e+07
-2.0000e-01   -3.9071e-09   5.1189e+07
-1.0000e-01   -6.6674e-10   1.4998e+08
0.0000e+00   1.2785e-09   0.0000e+00
0.0000e+00   1.8084e-10   0.0000e+00
1.0000e-01   1.9985e-09   5.0038e+07
2.0000e-01   4.6268e-09   4.3226e+07
3.0000e-01   8.5015e-09   3.5288e+07
4.0000e-01   1.4031e-08   2.8509e+07
5.0000e-01   2.0923e-08   2.3897e+07
6.0000e-01   3.0144e-08   1.9904e+07
7.0000e-01   4.0555e-08   1.7260e+07
8.0000e-01   5.5264e-08   1.4476e+07
9.0000e-01   7.0619e-08   1.2744e+07
1.0000e+00   9.0092e-08   1.1100e+07
1.1000e+00   1.1498e-07   9.5669e+06
1.2000e+00   1.4212e-07   8.4436e+06
1.3000e+00   1.7214e-07   7.5520e+06
1.4000e+00   2.0202e-07   6.9300e+06
1.5000e+00   2.3818e-07   6.2978e+06
1.6000e+00   2.8386e-07   5.6366e+06
1.7000e+00   3.3074e-07   5.1400e+06
1.8000e+00   3.9056e-07   4.6088e+06
1.9000e+00   4.6396e-07   4.0952e+06
2.0000e+00   5.3904e-07   3.7103e+06
2.1000e+00   6.5922e-07   3.1856e+06
2.2000e+00   7.9966e-07   2.7512e+06
2.3000e+00   9.1762e-07   2.5065e+06
2.4000e+00   1.0701e-06   2.2427e+06
2.5000e+00   1.2215e-06   2.0467e+06
2.5000e+00   1.2030e-06   2.0781e+06
2.4000e+00   1.0705e-06   2.2419e+06
2.3000e+00   9.3490e-07   2.4602e+06
2.2000e+00   8.6108e-07   2.5549e+06
2.1000e+00   7.4284e-07   2.8270e+06
2.0000e+00   6.4776e-07   3.0876e+06
1.9000e+00   5.5946e-07   3.3961e+06
1.8000e+00   4.7498e-07   3.7896e+06
1.7000e+00   4.0874e-07   4.1591e+06
1.6000e+00   3.4362e-07   4.6563e+06
1.5000e+00   2.9616e-07   5.0648e+06
1.4000e+00   2.4280e-07   5.7661e+06
1.3000e+00   2.0212e-07   6.4318e+06
1.2000e+00   1.5490e-07   7.7469e+06
1.1000e+00   1.3108e-07   8.3918e+06
1.0000e+00   1.0423e-07   9.5941e+06
9.0000e-01   7.7442e-08   1.1622e+07
8.0000e-01   5.7923e-08   1.3811e+07
7.0000e-01   4.3187e-08   1.6209e+07
6.0000e-01   3.1251e-08   1.9199e+07
5.0000e-01   2.1556e-08   2.3196e+07
4.0000e-01   1.4671e-08   2.7264e+07
3.0000e-01   7.9307e-09   3.7828e+07
2.0000e-01   3.9941e-09   5.0074e+07
1.0000e-01   1.2757e-09   7.8388e+07
0.0000e+00   -4.2376e-10   -0.0000e+00
