  Measurement Number     Measurement type
                  11                DC IV

      Measurement ID             SeriesID
       739603.519670                   49

         MeasureMode                Bias1                Bias2
                   2                    8                   -8

                Step  Positive compliance  Negative compliance
                 0.1                 0.01                 0.01

  RealMeasuredPoints
                 324

        Bias        Current     Resistance
0.0000e+00   5.9951e-09   0.0000e+00
1.0000e-01   5.7132e-07   1.7503e+05
2.0000e-01   1.1433e-06   1.7494e+05
3.0000e-01   1.7139e-06   1.7504e+05
4.0000e-01   2.2939e-06   1.7438e+05
5.0000e-01   2.8761e-06   1.7385e+05
6.0000e-01   3.4678e-06   1.7302e+05
7.0000e-01   4.0632e-06   1.7228e+05
8.0000e-01   4.6708e-06   1.7128e+05
9.0000e-01   5.2764e-06   1.7057e+05
1.0000e+00   5.8909e-06   1.6975e+05
1.1000e+00   6.5142e-06   1.6886e+05
1.2000e+00   7.1400e-06   1.6807e+05
1.3000e+00   7.7788e-06   1.6712e+05
1.4000e+00   8.4273e-06   1.6613e+05
1.5000e+00   9.0795e-06   1.6521e+05
1.6000e+00   9.7449e-06   1.6419e+05
1.7000e+00   1.0407e-05   1.6335e+05
1.8000e+00   1.1100e-05   1.6216e+05
1.9000e+00   1.1762e-05   1.6154e+05
2.0000e+00   1.2458e-05   1.6054e+05
2.1000e+00   1.3160e-05   1.5957e+05
2.2000e+00   1.3874e-05   1.5857e+05
2.3000e+00   1.4588e-05   1.5766e+05
2.4000e+00   1.5330e-05   1.5656e+05
2.5000e+00   1.6074e-05   1.5553e+05
2.6000e+00   1.6846e-05   1.5434e+05
2.7000e+00   1.7598e-05   1.5343e+05
2.8000e+00   1.8402e-05   1.5216e+05
2.9000e+00   1.9180e-05   1.5120e+05
3.0000e+00   1.9980e-05   1.5015e+05
3.1000e+00   2.0790e-05   1.4911e+05
3.2000e+00   2.1648e-05   1.4782e+05
3.3000e+00   2.2484e-05   1.4677e+05
3.4000e+00   2.3346e-05   1.4564e+05
3.5000e+00   2.4182e-05   1.4474e+05
3.6000e+00   2.5062e-05   1.4364e+05
3.7000e+00   2.5932e-05   1.4268e+05
3.8000e+00   2.6804e-05   1.4177e+05
3.9000e+00   2.7746e-05   1.4056e+05
4.0000e+00   2.8644e-05   1.3965e+05
4.1000e+00   2.9628e-05   1.3838e+05
4.2000e+00   3.0536e-05   1.3754e+05
4.3000e+00   3.1552e-05   1.3628e+05
4.4000e+00   3.2526e-05   1.3528e+05
4.5000e+00   3.3572e-05   1.3404e+05
4.6000e+00   3.4622e-05   1.3286e+05
4.7000e+00   3.5650e-05   1.3184e+05
4.8000e+00   3.6674e-05   1.3088e+05
4.9000e+00   3.7856e-05   1.2944e+05
5.0000e+00   3.8984e-05   1.2826e+05
5.1000e+00   4.0138e-05   1.2706e+05
5.2000e+00   4.1324e-05   1.2583e+05
5.3000e+00   4.2574e-05   1.2449e+05
5.4000e+00   4.3778e-05   1.2335e+05
5.5000e+00   4.5252e-05   1.2154e+05
5.6000e+00   4.6564e-05   1.2026e+05
5.7000e+00   8.0922e-05   7.0438e+04
5.8000e+00   8.4292e-05   6.8808e+04
5.9000e+00   8.8304e-05   6.6815e+04
6.0000e+00   9.1530e-05   6.5552e+04
6.1000e+00   9.5084e-05   6.4154e+04
6.2000e+00   1.1083e-04   5.5943e+04
6.3000e+00   1.3160e-04   4.7872e+04
6.4000e+00   1.3710e-04   4.6681e+04
6.5000e+00   1.4396e-04   4.5151e+04
6.6000e+00   1.5606e-04   4.2291e+04
6.7000e+00   1.6492e-04   4.0626e+04
6.8000e+00   1.7744e-04   3.8323e+04
6.9000e+00   1.8760e-04   3.6780e+04
7.0000e+00   2.7944e-04   2.5050e+04
7.1000e+00   2.9240e-04   2.4282e+04
7.2000e+00   3.0380e-04   2.3700e+04
7.3000e+00   3.1710e-04   2.3021e+04
7.4000e+00   3.6162e-04   2.0463e+04
7.5000e+00   3.7668e-04   1.9911e+04
7.6000e+00   3.9196e-04   1.9390e+04
7.7000e+00   4.1630e-04   1.8496e+04
7.8000e+00   4.3314e-04   1.8008e+04
7.9000e+00   4.5120e-04   1.7509e+04
8.0000e+00   4.6816e-04   1.7088e+04
8.0000e+00   4.6846e-04   1.7077e+04
7.9000e+00   4.5332e-04   1.7427e+04
7.8000e+00   4.3870e-04   1.7780e+04
7.7000e+00   4.2264e-04   1.8219e+04
7.6000e+00   4.0626e-04   1.8707e+04
7.5000e+00   3.8958e-04   1.9252e+04
7.4000e+00   3.7366e-04   1.9804e+04
7.3000e+00   3.5516e-04   2.0554e+04
7.2000e+00   3.4034e-04   2.1155e+04
7.1000e+00   3.2670e-04   2.1732e+04
7.0000e+00   3.1062e-04   2.2536e+04
6.9000e+00   2.9644e-04   2.3276e+04
6.8000e+00   2.8154e-04   2.4153e+04
6.7000e+00   2.6664e-04   2.5128e+04
6.6000e+00   2.5558e-04   2.5824e+04
6.5000e+00   2.4318e-04   2.6729e+04
6.4000e+00   2.2898e-04   2.7950e+04
6.3000e+00   2.1756e-04   2.8958e+04
6.2000e+00   2.0594e-04   3.0106e+04
6.1000e+00   1.9216e-04   3.1744e+04
6.0000e+00   1.7770e-04   3.3765e+04
5.9000e+00   1.6486e-04   3.5788e+04
5.8000e+00   1.5418e-04   3.7618e+04
5.7000e+00   9.1158e-05   6.2529e+04
5.6000e+00   8.7022e-05   6.4352e+04
5.5000e+00   8.3056e-05   6.6220e+04
5.4000e+00   7.9682e-05   6.7769e+04
5.3000e+00   7.3666e-05   7.1946e+04
5.2000e+00   6.8578e-05   7.5826e+04
5.1000e+00   6.5758e-05   7.7557e+04
5.0000e+00   6.2948e-05   7.9431e+04
4.9000e+00   6.0310e-05   8.1247e+04
4.8000e+00   5.7910e-05   8.2887e+04
4.7000e+00   5.5176e-05   8.5182e+04
4.6000e+00   5.1868e-05   8.8687e+04
4.5000e+00   4.4002e-05   1.0227e+05
4.4000e+00   4.6014e-05   9.5623e+04
4.3000e+00   4.3496e-05   9.8860e+04
4.2000e+00   4.0632e-05   1.0337e+05
4.1000e+00   3.0152e-05   1.3598e+05
4.0000e+00   2.9132e-05   1.3731e+05
3.9000e+00   2.8204e-05   1.3828e+05
3.8000e+00   2.7202e-05   1.3970e+05
3.7000e+00   2.6272e-05   1.4083e+05
3.6000e+00   2.5390e-05   1.4179e+05
3.5000e+00   2.4468e-05   1.4304e+05
3.4000e+00   2.3558e-05   1.4432e+05
3.3000e+00   2.2700e-05   1.4537e+05
3.2000e+00   2.1866e-05   1.4635e+05
3.1000e+00   2.0938e-05   1.4806e+05
3.0000e+00   2.0112e-05   1.4916e+05
2.9000e+00   1.9292e-05   1.5032e+05
2.8000e+00   1.8520e-05   1.5119e+05
2.7000e+00   1.7724e-05   1.5234e+05
2.6000e+00   1.6950e-05   1.5339e+05
2.5000e+00   1.6220e-05   1.5413e+05
2.4000e+00   1.5454e-05   1.5530e+05
2.3000e+00   1.4714e-05   1.5631e+05
2.2000e+00   1.3976e-05   1.5741e+05
2.1000e+00   1.3252e-05   1.5847e+05
2.0000e+00   1.2542e-05   1.5946e+05
1.9000e+00   1.1816e-05   1.6080e+05
1.8000e+00   1.1126e-05   1.6178e+05
1.7000e+00   1.0440e-05   1.6284e+05
1.6000e+00   9.7983e-06   1.6329e+05
1.5000e+00   9.1142e-06   1.6458e+05
1.4000e+00   8.4843e-06   1.6501e+05
1.3000e+00   7.8322e-06   1.6598e+05
1.2000e+00   7.1969e-06   1.6674e+05
1.1000e+00   6.5608e-06   1.6766e+05
1.0000e+00   5.9307e-06   1.6861e+05
9.0000e-01   5.3095e-06   1.6951e+05
8.0000e-01   4.6982e-06   1.7028e+05
7.0000e-01   4.0922e-06   1.7106e+05
6.0000e-01   3.4955e-06   1.7165e+05
5.0000e-01   2.8970e-06   1.7259e+05
4.0000e-01   2.3099e-06   1.7317e+05
3.0000e-01   1.7245e-06   1.7396e+05
2.0000e-01   1.1475e-06   1.7429e+05
1.0000e-01   5.7402e-07   1.7421e+05
0.0000e+00   4.9281e-09   0.0000e+00
0.0000e+00   6.0085e-09   0.0000e+00
-1.0000e-01   -5.6486e-07   1.7704e+05
-2.0000e-01   -1.1344e-06   1.7631e+05
-3.0000e-01   -1.7117e-06   1.7526e+05
-4.0000e-01   -2.2878e-06   1.7484e+05
-5.0000e-01   -2.8740e-06   1.7397e+05
-6.0000e-01   -3.4689e-06   1.7297e+05
-7.0000e-01   -4.0670e-06   1.7212e+05
-8.0000e-01   -4.6704e-06   1.7129e+05
-9.0000e-01   -5.2830e-06   1.7036e+05
-1.0000e+00   -5.9014e-06   1.6945e+05
-1.1000e+00   -6.5245e-06   1.6860e+05
-1.2000e+00   -7.1542e-06   1.6773e+05
-1.3000e+00   -7.7905e-06   1.6687e+05
-1.4000e+00   -8.4427e-06   1.6582e+05
-1.5000e+00   -9.1057e-06   1.6473e+05
-1.6000e+00   -9.7633e-06   1.6388e+05
-1.7000e+00   -1.0431e-05   1.6297e+05
-1.8000e+00   -1.1116e-05   1.6193e+05
-1.9000e+00   -1.1800e-05   1.6102e+05
-2.0000e+00   -1.2480e-05   1.6026e+05
-2.1000e+00   -1.3176e-05   1.5938e+05
-2.2000e+00   -1.3906e-05   1.5821e+05
-2.3000e+00   -1.4630e-05   1.5721e+05
-2.4000e+00   -1.5380e-05   1.5605e+05
-2.5000e+00   -1.6126e-05   1.5503e+05
-2.6000e+00   -1.6888e-05   1.5396e+05
-2.7000e+00   -1.7664e-05   1.5285e+05
-2.8000e+00   -1.8468e-05   1.5161e+05
-2.9000e+00   -1.9226e-05   1.5084e+05
-3.0000e+00   -2.0048e-05   1.4964e+05
-3.1000e+00   -2.0826e-05   1.4885e+05
-3.2000e+00   -2.1664e-05   1.4771e+05
-3.3000e+00   -2.2472e-05   1.4685e+05
-3.4000e+00   -2.3306e-05   1.4589e+05
-3.5000e+00   -2.4204e-05   1.4460e+05
-3.6000e+00   -2.5050e-05   1.4371e+05
-3.7000e+00   -2.5958e-05   1.4254e+05
-3.8000e+00   -2.6832e-05   1.4162e+05
-3.9000e+00   -2.7764e-05   1.4047e+05
-4.0000e+00   -2.8688e-05   1.3943e+05
-4.1000e+00   -2.9572e-05   1.3864e+05
-4.2000e+00   -3.0564e-05   1.3742e+05
-4.3000e+00   -3.1552e-05   1.3628e+05
-4.4000e+00   -3.2516e-05   1.3532e+05
-4.5000e+00   -3.3572e-05   1.3404e+05
-4.6000e+00   -3.4636e-05   1.3281e+05
-4.7000e+00   -3.5784e-05   1.3134e+05
-4.8000e+00   -3.6806e-05   1.3041e+05
-4.9000e+00   -3.7744e-05   1.2982e+05
-5.0000e+00   -3.8964e-05   1.2832e+05
-5.1000e+00   -4.0102e-05   1.2718e+05
-5.2000e+00   -4.1348e-05   1.2576e+05
-5.3000e+00   -4.2630e-05   1.2433e+05
-5.4000e+00   -4.3744e-05   1.2345e+05
-5.5000e+00   -4.5122e-05   1.2189e+05
-5.6000e+00   -7.4820e-05   7.4846e+04
-5.7000e+00   -7.9536e-05   7.1666e+04
-5.8000e+00   -8.3038e-05   6.9848e+04
-5.9000e+00   -8.7172e-05   6.7682e+04
-6.0000e+00   -9.0566e-05   6.6250e+04
-6.1000e+00   -9.4238e-05   6.4730e+04
-6.2000e+00   -1.0002e-04   6.1989e+04
-6.3000e+00   -1.1480e-04   5.4877e+04
-6.4000e+00   -1.2664e-04   5.0537e+04
-6.5000e+00   -1.3768e-04   4.7211e+04
-6.6000e+00   -1.4836e-04   4.4486e+04
-6.7000e+00   -1.5882e-04   4.2186e+04
-6.8000e+00   -1.7574e-04   3.8694e+04
-6.9000e+00   -1.8386e-04   3.7529e+04
-7.0000e+00   -2.7760e-04   2.5216e+04
-7.1000e+00   -2.8960e-04   2.4517e+04
-7.2000e+00   -3.0074e-04   2.3941e+04
-7.3000e+00   -3.4534e-04   2.1139e+04
-7.4000e+00   -3.5868e-04   2.0631e+04
-7.5000e+00   -3.7396e-04   2.0056e+04
-7.6000e+00   -3.8918e-04   1.9528e+04
-7.7000e+00   -4.1396e-04   1.8601e+04
-7.8000e+00   -4.3176e-04   1.8066e+04
-7.9000e+00   -4.5006e-04   1.7553e+04
-8.0000e+00   -4.6724e-04   1.7122e+04
-8.0000e+00   -4.6780e-04   1.7101e+04
-7.9000e+00   -4.5272e-04   1.7450e+04
-7.8000e+00   -4.3708e-04   1.7846e+04
-7.7000e+00   -4.2128e-04   1.8278e+04
-7.6000e+00   -4.0532e-04   1.8751e+04
-7.5000e+00   -3.8904e-04   1.9278e+04
-7.4000e+00   -3.7328e-04   1.9824e+04
-7.3000e+00   -3.5362e-04   2.0644e+04
-7.2000e+00   -3.3870e-04   2.1258e+04
-7.1000e+00   -3.2510e-04   2.1839e+04
-7.0000e+00   -3.1170e-04   2.2457e+04
-6.9000e+00   -2.9678e-04   2.3250e+04
-6.8000e+00   -2.8262e-04   2.4061e+04
-6.7000e+00   -2.6674e-04   2.5118e+04
-6.6000e+00   -2.5510e-04   2.5872e+04
-6.5000e+00   -2.4284e-04   2.6767e+04
-6.4000e+00   -2.3098e-04   2.7708e+04
-6.3000e+00   -2.1888e-04   2.8783e+04
-6.2000e+00   -2.0604e-04   3.0091e+04
-6.1000e+00   -1.9480e-04   3.1314e+04
-6.0000e+00   -1.8240e-04   3.2895e+04
-5.9000e+00   -1.6632e-04   3.5474e+04
-5.8000e+00   -1.5512e-04   3.7390e+04
-5.7000e+00   -1.2664e-04   4.5009e+04
-5.6000e+00   -8.4508e-05   6.6266e+04
-5.5000e+00   -8.0628e-05   6.8215e+04
-5.4000e+00   -7.5954e-05   7.1096e+04
-5.3000e+00   -7.2800e-05   7.2802e+04
-5.2000e+00   -6.8674e-05   7.5720e+04
-5.1000e+00   -6.5674e-05   7.7656e+04
-5.0000e+00   -6.2810e-05   7.9605e+04
-4.9000e+00   -6.0190e-05   8.1409e+04
-4.8000e+00   -5.7336e-05   8.3717e+04
-4.7000e+00   -5.4646e-05   8.6008e+04
-4.6000e+00   -5.2178e-05   8.8160e+04
-4.5000e+00   -4.7656e-05   9.4427e+04
-4.4000e+00   -4.5306e-05   9.7117e+04
-4.3000e+00   -4.2614e-05   1.0091e+05
-4.2000e+00   -4.0352e-05   1.0408e+05
-4.1000e+00   -3.0008e-05   1.3663e+05
-4.0000e+00   -2.8940e-05   1.3822e+05
-3.9000e+00   -2.7990e-05   1.3934e+05
-3.8000e+00   -2.7000e-05   1.4074e+05
-3.7000e+00   -2.5962e-05   1.4252e+05
-3.6000e+00   -2.5092e-05   1.4347e+05
-3.5000e+00   -2.4228e-05   1.4446e+05
-3.4000e+00   -2.3346e-05   1.4564e+05
-3.3000e+00   -2.2400e-05   1.4732e+05
-3.2000e+00   -2.1582e-05   1.4827e+05
-3.1000e+00   -2.0768e-05   1.4927e+05
-3.0000e+00   -1.9966e-05   1.5026e+05
-2.9000e+00   -1.9148e-05   1.5145e+05
-2.8000e+00   -1.8368e-05   1.5244e+05
-2.7000e+00   -1.7566e-05   1.5371e+05
-2.6000e+00   -1.6810e-05   1.5467e+05
-2.5000e+00   -1.6074e-05   1.5553e+05
-2.4000e+00   -1.5332e-05   1.5654e+05
-2.3000e+00   -1.4604e-05   1.5749e+05
-2.2000e+00   -1.3890e-05   1.5839e+05
-2.1000e+00   -1.3144e-05   1.5977e+05
-2.0000e+00   -1.2448e-05   1.6067e+05
-1.9000e+00   -1.1776e-05   1.6135e+05
-1.8000e+00   -1.1086e-05   1.6237e+05
-1.7000e+00   -1.0412e-05   1.6327e+05
-1.6000e+00   -9.7450e-06   1.6419e+05
-1.5000e+00   -9.0956e-06   1.6491e+05
-1.4000e+00   -8.4391e-06   1.6589e+05
-1.3000e+00   -7.7932e-06   1.6681e+05
-1.2000e+00   -7.1627e-06   1.6753e+05
-1.1000e+00   -6.5249e-06   1.6858e+05
-1.0000e+00   -5.9127e-06   1.6913e+05
-9.0000e-01   -5.2940e-06   1.7000e+05
-8.0000e-01   -4.6832e-06   1.7082e+05
-7.0000e-01   -4.0873e-06   1.7126e+05
-6.0000e-01   -3.4860e-06   1.7212e+05
-5.0000e-01   -2.8809e-06   1.7356e+05
-4.0000e-01   -2.2939e-06   1.7438e+05
-3.0000e-01   -1.7153e-06   1.7490e+05
-2.0000e-01   -1.1352e-06   1.7618e+05
-1.0000e-01   -5.6302e-07   1.7761e+05
0.0000e+00   7.5437e-09   0.0000e+00
